# Xbs Ybs THbs Xgl Ygl THgl Xlc Ylc THlc time
-0.224705 0.492556 17.005214  0.274800 0.538666 13.894117  0.066808 1.022379 3.112593  1445405516.439192
-0.224970 0.491612 17.004790  0.000980 -0.000000 -0.000423  0.651346 0.869232 -10.781947  1445405516.489472
-0.225897 0.488303 17.006822  0.004416 0.000001 0.001609  0.650614 0.872590 -10.779915  1445405516.539656
-0.227483 0.482569 17.011536  0.010367 0.000023 0.006322  0.649329 0.878399 -10.775202  1445405516.589953
-0.229683 0.474434 17.018676  0.018793 0.000103 0.013462  0.647461 0.886617 -10.768062  1445405516.640316
-0.232446 0.463865 17.028384  0.029716 0.000297 0.023171  0.644951 0.897249 -10.758353  1445405516.690523
-0.236048 0.449396 17.042383  0.044619 0.000738 0.037169  0.641354 0.911719 -10.744355  1445405516.740684
-0.239435 0.434868 17.059711  0.059523 0.001402 0.054497  0.637540 0.926141 -10.727026  1445405516.790850
-0.242564 0.420227 17.078592  0.074464 0.002344 0.073378  0.633445 0.940542 -10.708146  1445405516.841024
-0.245410 0.405520 17.099166  0.089393 0.003578 0.093952  0.629069 0.954868 -10.687571  1445405516.891201
-0.247936 0.390755 17.122054  0.104292 0.005134 0.116841  0.624383 0.969095 -10.664683  1445405516.941651
-0.250105 0.375942 17.147596  0.119140 0.007048 0.142382  0.619359 0.983199 -10.639142  1445405516.991898
-0.251883 0.361052 17.175451  0.133957 0.009358 0.170238  0.613954 0.997187 -10.611286  1445405517.042306
-0.253228 0.346116 17.206016  0.148700 0.012098 0.200802  0.608145 1.011011 -10.580721  1445405517.092731
-0.254098 0.331162 17.239121  0.163333 0.015300 0.233907  0.601908 1.024630 -10.547617  1445405517.143082
-0.254453 0.316196 17.274653  0.177840 0.019001 0.269439  0.595210 1.038019 -10.512085  1445405517.193428
-0.254264 0.301214 17.312245  0.192213 0.023231 0.307032  0.588023 1.051167 -10.474492  1445405517.243903
-0.253504 0.286229 17.349527  0.206436 0.028010 0.344313  0.580332 1.064049 -10.437211  1445405517.294440
-0.252210 0.271285 17.384184  0.220474 0.033294 0.378970  0.572187 1.076644 -10.402553  1445405517.344800
-0.250199 0.254945 17.421410  0.235663 0.039643 0.416196  0.562755 1.090139 -10.365328  1445405517.395150
-0.247848 0.240135 17.454063  0.249288 0.045908 0.448849  0.553740 1.102121 -10.332675  1445405517.445635
-0.245017 0.225396 17.485841  0.262714 0.052615 0.480628  0.544334 1.113816 -10.300896  1445405517.496107
-0.241723 0.210738 17.516773  0.275937 0.059747 0.511559  0.534555 1.125223 -10.269965  1445405517.546648
-0.237995 0.196230 17.546717  0.288899 0.067256 0.541503  0.524465 1.136294 -10.240021  1445405517.597184
-0.233847 0.181887 17.576661  0.301588 0.075124 0.571447  0.514081 1.147022 -10.210077  1445405517.647709
-0.229273 0.167619 17.603924  0.314090 0.083382 0.598710  0.503355 1.157484 -10.182814  1445405517.698135
-0.224310 0.153464 17.630509  0.326378 0.091985 0.625296  0.492339 1.167664 -10.156228  1445405517.748665
-0.218985 0.139467 17.656474  0.338416 0.100893 0.651260  0.481077 1.177535 -10.130264  1445405517.799105
-0.213299 0.125600 17.681733  0.350231 0.110114 0.676519  0.468399 1.188058 -10.102606  1445405517.849548
-0.206643 0.110505 17.708685  0.362966 0.120600 0.703472  0.456605 1.197339 -10.078052  1445405517.899839
-0.200256 0.096961 17.732562  0.374282 0.130409 0.727348  0.444616 1.206313 -10.054176  1445405517.950296
-0.193542 0.083552 17.755732  0.385379 0.140496 0.750518  0.432402 1.215014 -10.031005  1445405518.000806
-0.186533 0.070322 17.778282  0.396223 0.150818 0.773068  0.420012 1.223418 -10.008456  1445405518.051153
-0.179220 0.057230 17.800098  0.406852 0.161396 0.794884  0.407417 1.231558 -9.986640  1445405518.101620
-0.171640 0.044319 17.821293  0.417235 0.172182 0.816079  0.394672 1.239413 -9.965445  1445405518.152091
-0.163765 0.031529 17.841980  0.427423 0.183220 0.836766  0.381722 1.247023 -9.944758  1445405518.202551
-0.155649 0.018933 17.862187  0.437358 0.194436 0.856973  0.368651 1.254349 -9.924550  1445405518.253025
-0.147281 0.006498 17.881915  0.447070 0.205852 0.876701  0.355433 1.261414 -9.904823  1445405518.303557
-0.138671 -0.005774 17.901106  0.456560 0.217458 0.895892  0.340747 1.268883 -9.883769  1445405518.354116
-0.128967 -0.019024 17.922527  0.466696 0.230380 0.917313  0.327296 1.275382 -9.864211  1445405518.404549
-0.119841 -0.030980 17.940532  0.475742 0.242397 0.935319  0.313632 1.281669 -9.846205  1445405518.455023
-0.110508 -0.042765 17.958256  0.484567 0.254567 0.953042  0.299865 1.287708 -9.828481  1445405518.505504
-0.100999 -0.054351 17.975669  0.493153 0.266851 0.970456  0.286037 1.293489 -9.811068  1445405518.555971
-0.091312 -0.065749 17.992490  0.501511 0.279258 0.987276  0.272138 1.299021 -9.794248  1445405518.606471
-0.081418 -0.077002 18.009085  0.509673 0.291824 1.003871  0.258125 1.304327 -9.777653  1445405518.656959
-0.071343 -0.088088 18.025538  0.517624 0.304519 1.020325  0.244030 1.309400 -9.761199  1445405518.707425
-0.061099 -0.098989 18.043206  0.525353 0.317327 1.037992  0.229873 1.314232 -9.743532  1445405518.757643
-0.050630 -0.109703 18.064118  0.532840 0.330301 1.058905  0.215604 1.318792 -9.722619  1445405518.808145
-0.038847 -0.121237 18.087966  0.540762 0.344762 1.082753  0.199791 1.323461 -9.698771  1445405518.858716
-0.027886 -0.131472 18.111419  0.547656 0.358080 1.106205  0.185313 1.327369 -9.675318  1445405518.909131
-0.016683 -0.141440 18.136283  0.554226 0.371560 1.131069  0.170745 1.330926 -9.650454  1445405518.959595
-0.005231 -0.151115 18.162699  0.560448 0.385200 1.157486  0.156095 1.334108 -9.624038  1445405519.010051
0.006473 -0.160470 18.190639  0.566294 0.398996 1.185426  0.141372 1.336890 -9.596098  1445405519.060518
0.018445 -0.169494 18.219878  0.571748 0.412960 1.214664  0.126567 1.339253 -9.566860  1445405519.110713
0.030667 -0.178147 18.250358  0.576777 0.427065 1.245144  0.111716 1.341172 -9.536380  1445405519.160905
0.043167 -0.186431 18.281544  0.581376 0.441339 1.276330  0.096791 1.342634 -9.505194  1445405519.211266
0.055926 -0.194317 18.313604  0.585523 0.455754 1.308391  0.081824 1.343624 -9.473133  1445405519.261741
0.068923 -0.201780 18.346484  0.589197 0.470284 1.341270  0.066845 1.344128 -9.440254  1445405519.312263
0.082165 -0.208809 18.380181  0.592387 0.484932 1.374967  0.051854 1.344133 -9.406556  1445405519.362810
0.097037 -0.216033 18.418112  0.595325 0.501202 1.412898  0.035331 1.343548 -9.368626  1445405519.413242
0.110751 -0.222087 18.453390  0.597450 0.516042 1.448176  0.020378 1.342472 -9.333348  1445405519.463694
0.124657 -0.227645 18.488894  0.599044 0.530932 1.483680  0.005489 1.340867 -9.297844  1445405519.514147
0.138741 -0.232697 18.525047  0.600104 0.545857 1.519833  -0.009320 1.338732 -9.261691  1445405519.564483
0.153019 -0.237238 18.562244  0.600619 0.560832 1.557030  -0.024062 1.336055 -9.224494  1445405519.614958
0.167426 -0.241232 18.599497  0.600572 0.575782 1.594284  -0.038661 1.332833 -9.187240  1445405519.665435
0.182014 -0.244703 18.636215  0.599973 0.590765 1.631001  -0.053176 1.329065 -9.150523  1445405519.715905
0.196728 -0.247636 18.673158  0.598822 0.605725 1.667944  -0.067549 1.324762 -9.113580  1445405519.766380
0.211525 -0.250018 18.710327  0.597118 0.620615 1.705113  -0.081738 1.319935 -9.076411  1445405519.816845
0.226388 -0.251847 18.747693  0.594864 0.635419 1.742480  -0.095725 1.314587 -9.039044  1445405519.867295
0.242823 -0.253216 18.789011  0.591742 0.651613 1.783797  -0.110886 1.308097 -8.997727  1445405519.917717
0.257808 -0.253873 18.826208  0.588327 0.666219 1.820994  -0.124433 1.301657 -8.960530  1445405519.968032
0.272787 -0.253968 18.863716  0.584372 0.680666 1.858502  -0.137711 1.294723 -8.923022  1445405520.018480
0.287755 -0.253504 18.901139  0.579881 0.694952 1.895925  -0.150717 1.287301 -8.885599  1445405520.068894
0.302723 -0.252479 18.938477  0.574851 0.709087 1.933263  -0.163460 1.279382 -8.848261  1445405520.119298
0.317627 -0.250902 18.975194  0.569306 0.723011 1.969980  -0.175889 1.271006 -8.811543  1445405520.169724
0.332455 -0.248780 19.011742  0.563257 0.736714 2.006528  -0.187995 1.262185 -8.774995  1445405520.220254
0.347204 -0.246117 19.048234  0.556709 0.750195 2.043020  -0.199777 1.252922 -8.738504  1445405520.270740
0.361903 -0.242908 19.084387  0.549648 0.763480 2.079173  -0.211259 1.243200 -8.702351  1445405520.321333
0.376424 -0.239184 19.120286  0.542139 0.776456 2.115072  -0.223436 1.232072 -8.662924  1445405520.371831
0.392255 -0.234487 19.159204  0.533341 0.790429 2.153991  -0.234129 1.221541 -8.627533  1445405520.422286
0.406429 -0.229705 19.194087  0.524908 0.802784 2.188873  -0.244411 1.210676 -8.592650  1445405520.472749
0.420438 -0.224428 19.229111  0.516042 0.814847 2.223897  -0.254315 1.199450 -8.557626  1445405520.523265
0.434240 -0.218669 19.263853  0.506769 0.826580 2.258639  -0.263810 1.187896 -8.522885  1445405520.573710
0.447870 -0.212428 19.297268  0.497077 0.838017 2.292055  -0.272928 1.175996 -8.489469  1445405520.624202
0.461276 -0.205744 19.330204  0.487021 0.849119 2.324990  -0.281640 1.163811 -8.456534  1445405520.674537
0.474455 -0.198625 19.362518  0.476606 0.859885 2.357305  -0.289948 1.151347 -8.424219  1445405520.724981
0.487384 -0.191094 19.394607  0.465862 0.870299 2.389394  -0.297842 1.138636 -8.392130  1445405520.775457
0.500109 -0.183128 19.426301  0.454755 0.880399 2.421087  -0.305352 1.125637 -8.360436  1445405520.825984
0.512563 -0.174775 19.457374  0.442191 0.891088 2.455265  -0.313128 1.111089 -8.326259  1445405520.876473
0.525952 -0.165152 19.491100  0.430466 0.900424 2.485886  -0.319761 1.097649 -8.295638  1445405520.926981
0.537837 -0.156021 19.521100  0.418464 0.909401 2.515886  -0.325983 1.084014 -8.265637  1445405520.977259
0.549430 -0.146548 19.550931  0.406212 0.918004 2.545718  -0.331787 1.070214 -8.235806  1445405521.027528
0.560755 -0.136726 19.579718  0.393695 0.926255 2.574504  -0.337191 1.056230 -8.207019  1445405521.077958
0.571798 -0.126586 19.607884  0.380949 0.934147 2.602670  -0.342196 1.042098 -8.178854  1445405521.128446
0.582552 -0.116141 19.635429  0.367987 0.941680 2.630215  -0.346804 1.027832 -8.151308  1445405521.178950
0.593023 -0.105401 19.662523  0.354817 0.948861 2.657309  -0.351023 1.013438 -8.124215  1445405521.229423
0.603210 -0.094374 19.689023  0.341448 0.955690 2.683810  -0.354856 0.998923 -8.097714  1445405521.279880
0.613081 -0.083106 19.715129  0.327933 0.962150 2.709916  -0.358298 0.984344 -8.071608  1445405521.330175
0.622649 -0.071597 19.740868  0.314267 0.968253 2.735654  -0.361643 0.968232 -8.043245  1445405521.380740
0.632836 -0.058652 19.768498  0.299052 0.974564 2.763284  -0.364294 0.953485 -8.018240  1445405521.431225
0.641799 -0.046635 19.792826  0.285060 0.979947 2.787612  -0.366582 0.938669 -7.993912  1445405521.481721
0.650471 -0.034406 19.816532  0.270943 0.984993 2.811319  -0.368514 0.923802 -7.970205  1445405521.532192
0.658851 -0.021980 19.839816  0.256715 0.989704 2.834602  -0.370095 0.908898 -7.946922  1445405521.582621
0.666944 -0.009360 19.862620  0.242378 0.994087 2.857406  -0.371333 0.893957 -7.924118  1445405521.632904
0.674741 0.003426 19.885197  0.227961 0.998141 2.879984  -0.372231 0.879009 -7.901540  1445405521.683196
0.682260 0.016396 19.907042  0.213442 1.001877 2.901828  -0.372798 0.864027 -7.879696  1445405521.733469
0.689483 0.029505 19.928660  0.198869 1.005289 2.923446  -0.373037 0.849062 -7.858078  1445405521.783944
0.696419 0.042773 19.950419  0.184221 1.008384 2.945206  -0.372949 0.834091 -7.836318  1445405521.834469
0.703078 0.056191 19.970824  0.169503 1.011170 2.965611  -0.372546 0.819117 -7.815913  1445405521.884998
0.710093 0.071113 19.992809  0.153241 1.013893 2.987596  -0.371753 0.802647 -7.793928  1445405521.935275
0.716195 0.084829 20.012480  0.138386 1.016063 3.007267  -0.370717 0.787670 -7.774257  1445405521.985548
0.722020 0.098643 20.032067  0.123512 1.017939 3.026853  -0.369391 0.772737 -7.754671  1445405522.035830
0.727572 0.112556 20.051061  0.108616 1.019527 3.045847  -0.367778 0.757844 -7.735677  1445405522.086281
0.732864 0.126583 20.069970  0.093681 1.020832 3.064756  -0.365881 0.742973 -7.716768  1445405522.136583
0.737897 0.140718 20.088399  0.078712 1.021859 3.083185  -0.363705 0.728127 -7.698339  1445405522.186858
0.742666 0.154927 20.106546  0.063743 1.022613 3.101332  -0.361262 0.713340 -7.680192  1445405522.237200
0.747182 0.169218 20.124128  0.048763 1.023100 3.118915  -0.358556 0.698598 -7.662609  1445405522.287524
0.751442 0.183579 20.141485  0.033785 1.023322 3.136271  -0.355592 0.683915 -7.645252  1445405522.337867
0.755457 0.198024 20.158701  0.018793 1.023285 3.153487  -0.352371 0.669273 -7.628037  1445405522.388212
0.759222 0.212527 20.175691  0.003812 1.022993 3.170477  -0.348903 0.654696 -7.611047  1445405522.438598
0.762742 0.227083 20.192398  -0.011154 1.022449 3.187185  -0.345192 0.640187 -7.594339  1445405522.489088
0.766009 0.241673 20.209558  -0.026084 1.021654 3.204344  -0.340835 0.624327 -7.575458  1445405522.539601
0.769327 0.257824 20.227253  -0.042531 1.020485 3.222039  -0.336608 0.609943 -7.559485  1445405522.590037
0.772103 0.272578 20.243029  -0.057486 1.019172 3.237816  -0.332148 0.595608 -7.543708  1445405522.640502
0.774643 0.287349 20.258749  -0.072394 1.017628 3.253536  -0.327472 0.581368 -7.527988  1445405522.690968
0.776952 0.302154 20.274159  -0.087272 1.015851 3.268945  -0.322576 0.567207 -7.512579  1445405522.741463
0.779031 0.316993 20.289455  -0.102121 1.013844 3.284241  -0.317461 0.553123 -7.497282  1445405522.791940
0.780883 0.331866 20.304724  -0.116941 1.011609 3.299510  -0.312129 0.539116 -7.482014  1445405522.842276
0.782509 0.346766 20.320048  -0.131726 1.009150 3.314835  -0.306585 0.525191 -7.466689  1445405522.892620
0.783909 0.361688 20.335034  -0.146472 1.006466 3.329821  -0.300830 0.511352 -7.451703  1445405522.943008
0.785088 0.376650 20.349710  -0.161196 1.003559 3.344496  -0.294862 0.497581 -7.437028  1445405522.993467
0.786046 0.391620 20.364329  -0.175868 1.000438 3.359116  -0.288076 0.482562 -7.420969  1445405523.043946
0.786848 0.408110 20.380472  -0.191962 0.996755 3.375259  -0.281678 0.468963 -7.406265  1445405523.094433
0.787348 0.423102 20.394922  -0.206531 0.993187 3.389709  -0.275096 0.455484 -7.391815  1445405523.144926
0.787631 0.438070 20.409344  -0.221020 0.989416 3.404130  -0.268333 0.442127 -7.377394  1445405523.195396
0.787695 0.453030 20.424358  -0.235440 0.985436 3.419145  -0.261381 0.428881 -7.362379  1445405523.246058
0.787540 0.468025 20.438441  -0.249836 0.981236 3.433228  -0.254219 0.415706 -7.348296  1445405523.296349
0.787176 0.483000 20.452468  -0.264156 0.976839 3.447254  -0.246881 0.402647 -7.334270  1445405523.346613
0.786602 0.497973 20.466410  -0.278418 0.972242 3.461196  -0.239359 0.389687 -7.320328  1445405523.396902
0.785820 0.512920 20.480295  -0.292598 0.967451 3.475081  -0.231666 0.376849 -7.306442  1445405523.447380
0.784828 0.527880 20.494124  -0.306733 0.962455 3.488910  -0.223781 0.364097 -7.292613  1445405523.497827
0.783629 0.542820 20.508207  -0.320793 0.957265 3.502993  -0.215722 0.351460 -7.278531  1445405523.548249
0.782071 0.559214 20.523786  -0.336157 0.951335 3.518572  -0.206664 0.337707 -7.262952  1445405523.598689
0.780427 0.574116 20.537841  -0.350061 0.945727 3.532627  -0.198231 0.325311 -7.248897  1445405523.649192
0.778578 0.589002 20.551444  -0.363894 0.939926 3.546230  -0.189623 0.313026 -7.235294  1445405523.699491
0.776527 0.603853 20.565160  -0.377639 0.933939 3.559946  -0.180854 0.300867 -7.221578  1445405523.749732
0.774275 0.618666 20.578820  -0.391293 0.927768 3.573606  -0.171923 0.288835 -7.207918  1445405523.800014
0.771819 0.633448 20.592592  -0.404861 0.921411 3.587378  -0.162829 0.276927 -7.194146  1445405523.850284
0.769158 0.648198 20.606562  -0.418344 0.914864 3.601348  -0.153568 0.265142 -7.180175  1445405523.900593
0.766293 0.662905 20.620448  -0.431730 0.908132 3.615234  -0.144145 0.253492 -7.166290  1445405523.950901
0.763221 0.677587 20.634220  -0.445037 0.901208 3.629006  -0.134553 0.241959 -7.152517  1445405524.001121
0.759948 0.692222 20.647908  -0.458244 0.894103 3.642694  -0.124805 0.230564 -7.138830  1445405524.051400
0.756471 0.706826 20.661652  -0.471365 0.886810 3.656439  -0.114891 0.219290 -7.125085  1445405524.101681
0.752800 0.721350 20.675509  -0.484357 0.879353 3.670296  -0.104844 0.208179 -7.111228  1445405524.151965
0.748934 0.735809 20.689395  -0.497234 0.871724 3.684181  -0.094654 0.197216 -7.097343  1445405524.202448
0.744866 0.750222 20.703167  -0.511273 0.863129 3.699365  -0.083274 0.185324 -7.082159  1445405524.252924
0.740167 0.765967 20.719170  -0.523903 0.855136 3.713956  -0.072780 0.174680 -7.067568  1445405524.303425
0.735667 0.780263 20.732745  -0.536452 0.846941 3.727531  -0.062106 0.164158 -7.053993  1445405524.353960
0.730967 0.794513 20.746432  -0.548902 0.838567 3.741219  -0.051278 0.153771 -7.040305  1445405524.404496
0.726072 0.808696 20.760290  -0.561235 0.830022 3.755076  -0.040308 0.143534 -7.026448  1445405524.454954
0.720986 0.822799 20.774175  -0.573440 0.821315 3.768961  -0.029208 0.133458 -7.012563  1445405524.505435
0.715708 0.836818 20.788089  -0.585512 0.812446 3.782875  -0.017977 0.123545 -6.998649  1445405524.555924
0.710238 0.850755 20.802172  -0.597453 0.803414 3.796958  -0.006615 0.113795 -6.984566  1445405524.606368
0.704568 0.864620 20.816255  -0.609271 0.794210 3.811041  0.004890 0.104202 -6.970483  1445405524.656787
0.698700 0.878416 20.830309  -0.622129 0.783887 3.826479  0.017708 0.093830 -6.955045  1445405524.707052
0.692021 0.893496 20.845719  -0.633683 0.774328 3.840505  0.029504 0.084570 -6.941019  1445405524.757472
0.685752 0.907105 20.859717  -0.645093 0.764615 3.854503  0.041418 0.075484 -6.927020  1445405524.807948
0.679284 0.920640 20.873828  -0.656377 0.754732 3.868615  0.053473 0.066557 -6.912909  1445405524.858370
0.672628 0.934073 20.888109  -0.667513 0.744695 3.882895  0.065647 0.057807 -6.898629  1445405524.908778
0.665773 0.947430 20.902531  -0.678521 0.734486 3.897317  0.077960 0.049219 -6.884207  1445405524.959225
0.658740 0.960646 20.917404  -0.689347 0.724144 3.912190  0.090366 0.040837 -6.869334  1445405525.009454
0.651505 0.973786 20.931402  -0.700043 0.713628 3.926188  0.102914 0.032619 -6.855336  1445405525.059760
0.644089 0.986816 20.945457  -0.710585 0.702968 3.940243  0.115570 0.024582 -6.841281  1445405525.110042
0.636507 0.999711 20.959624  -0.720953 0.692184 3.954411  0.128310 0.016741 -6.827113  1445405525.160500
0.628731 1.012515 20.973877  -0.731180 0.681239 3.968663  0.141178 0.009073 -6.812861  1445405525.210914
0.620771 1.025210 20.988214  -0.741252 0.670146 3.983000  0.154158 0.001587 -6.798524  1445405525.261474
0.611797 1.039052 21.004103  -0.752156 0.657766 3.998889  0.168572 -0.006438 -6.782635  1445405525.311974
0.603464 1.051485 21.019061  -0.761875 0.646383 4.013847  0.181759 -0.013518 -6.767677  1445405525.362330
0.594932 1.063818 21.033483  -0.771444 0.634837 4.028269  0.195074 -0.020416 -6.753255  1445405525.412611
0.586229 1.076020 21.047848  -0.780842 0.623161 4.042634  0.208480 -0.027119 -6.738890  1445405525.462893
0.577355 1.088089 21.062326  -0.790065 0.611357 4.057112  0.221974 -0.033624 -6.724412  1445405525.513155
0.568311 1.100025 21.076889  -0.799113 0.599424 4.071675  0.235556 -0.039932 -6.709849  1445405525.563387
0.559086 1.111838 21.091310  -0.807995 0.587352 4.086097  0.249240 -0.046046 -6.695427  1445405525.613581
0.549684 1.123521 21.106127  -0.816704 0.575143 4.100913  0.263020 -0.051963 -6.680611  1445405525.663773
0.540118 1.135054 21.120803  -0.825224 0.562817 4.115589  0.276874 -0.057670 -6.665935  1445405525.713963
0.530385 1.146446 21.135422  -0.833563 0.550369 4.130208  0.290810 -0.063175 -6.651316  1445405525.764247
0.520463 1.157723 21.150069  -0.841740 0.537768 4.144856  0.304860 -0.068489 -6.636668  1445405525.814522
0.510393 1.168835 21.164660  -0.849719 0.525071 4.159447  0.318962 -0.073588 -6.622077  1445405525.864841
0.500172 1.179786 21.179308  -0.857502 0.512272 4.174094  0.333123 -0.078475 -6.607430  1445405525.915124
0.489768 1.190609 21.194181  -0.865112 0.499331 4.188967  0.347385 -0.083162 -6.592557  1445405525.965699
0.478179 1.202298 21.210550  -0.873235 0.485015 4.205336  0.363100 -0.088059 -6.576188  1445405526.015949
0.467484 1.212746 21.225959  -0.880406 0.471896 4.220746  0.377443 -0.092279 -6.560778  1445405526.066208
0.456610 1.223054 21.240409  -0.887393 0.458641 4.235195  0.391879 -0.096291 -6.546328  1445405526.116486
0.445581 1.233209 21.255028  -0.894191 0.445278 4.249815  0.406381 -0.100096 -6.531709  1445405526.166845
0.434398 1.243207 21.269817  -0.900796 0.431810 4.264603  0.420944 -0.103689 -6.516921  1445405526.217123
0.423087 1.253022 21.284605  -0.907190 0.418269 4.279392  0.435535 -0.107061 -6.502132  1445405526.267570
0.411623 1.262677 21.299366  -0.913389 0.404623 4.294152  0.450187 -0.110220 -6.487372  1445405526.317992
0.400038 1.272141 21.314324  -0.919372 0.390912 4.309110  0.464856 -0.113153 -6.472414  1445405526.368416
0.388294 1.281446 21.329225  -0.925159 0.377091 4.324011  0.479591 -0.115872 -6.457512  1445405526.418655
0.376400 1.290586 21.344183  -0.930746 0.363170 4.338969  0.494381 -0.118375 -6.442555  1445405526.468885
0.364388 1.299536 21.359113  -0.936118 0.349186 4.353899  0.509186 -0.120654 -6.427625  1445405526.519146
0.352240 1.308308 21.373845  -0.941282 0.335120 4.368631  0.524028 -0.122712 -6.412893  1445405526.569421
0.339963 1.316898 21.388803  -0.946236 0.320979 4.383589  0.538899 -0.124550 -6.397935  1445405526.619680
0.327532 1.325323 21.403817  -0.951448 0.305319 4.400155  0.555309 -0.126316 -6.381368  1445405526.670110
0.313738 1.334357 21.420383  -0.955961 0.291013 4.415170  0.570247 -0.127687 -6.366354  1445405526.720540
0.301082 1.342354 21.436103  -0.960242 0.276667 4.430890  0.585175 -0.128823 -6.350634  1445405526.771010
0.288288 1.350170 21.450779  -0.964311 0.262237 4.445565  0.600139 -0.129734 -6.335959  1445405526.821469
0.275374 1.357802 21.465511  -0.968170 0.247742 4.460297  0.615124 -0.130426 -6.321226  1445405526.872002
0.262381 1.365223 21.480384  -0.971805 0.233227 4.475171  0.630080 -0.130894 -6.306353  1445405526.922400
0.249246 1.372467 21.495286  -0.975231 0.218623 4.490072  0.645078 -0.131141 -6.291452  1445405526.972871
0.236018 1.379505 21.510300  -0.978435 0.203986 4.505086  0.660062 -0.131162 -6.276438  1445405527.023336
0.222679 1.386349 21.525314  -0.981420 0.189294 4.520101  0.675053 -0.130958 -6.261423  1445405527.073785
0.209268 1.392976 21.540554  -0.984178 0.174591 4.535341  0.690006 -0.130530 -6.246183  1445405527.124303
0.194352 1.400052 21.557262  -0.986961 0.158318 4.552048  0.706499 -0.129793 -6.229475  1445405527.174754
0.180718 1.406259 21.572135  -0.989255 0.143515 4.566922  0.721451 -0.128890 -6.214602  1445405527.225198
0.166991 1.412264 21.586980  -0.991328 0.128675 4.581767  0.736393 -0.127763 -6.199757  1445405527.275642
0.153170 1.418065 21.602023  -0.993180 0.113802 4.596809  0.751320 -0.126413 -6.184715  1445405527.326166
0.139253 1.423662 21.617037  -0.994809 0.098890 4.611824  0.766237 -0.124838 -6.169700  1445405527.376703
0.125277 1.429039 21.632277  -0.996210 0.083980 4.627064  0.781104 -0.123040 -6.154460  1445405527.427176
0.111219 1.434202 21.647574  -0.997384 0.069051 4.642360  0.795942 -0.121015 -6.139164  1445405527.477644
0.097077 1.439155 21.662532  -0.998333 0.054097 4.657318  0.810757 -0.118766 -6.124206  1445405527.528006
0.082856 1.443900 21.677433  -0.999059 0.039123 4.672219  0.825544 -0.116295 -6.109304  1445405527.578562
0.068526 1.448443 21.692335  -0.999562 0.024098 4.687121  0.840332 -0.113595 -6.094403  1445405527.628800
0.054149 1.452765 21.707321  -0.999839 0.009088 4.702107  0.856553 -0.110369 -6.077836  1445405527.679127
0.038333 1.457250 21.723887  -0.999885 -0.007352 4.718674  0.871133 -0.107230 -6.062850  1445405527.729549
0.023854 1.461109 21.739071  -0.999689 -0.022334 4.733857  0.885732 -0.103856 -6.047667  1445405527.780065
0.009343 1.464740 21.754763  -0.999265 -0.037288 4.749549  0.900254 -0.100265 -6.031975  1445405527.830595
-0.005251 1.468154 21.769523  -0.998609 -0.052261 4.764309  0.914746 -0.096444 -6.017215  1445405527.881070
-0.019906 1.471354 21.784311  -0.997731 -0.067236 4.779098  0.929192 -0.092405 -6.002426  1445405527.931571
-0.034583 1.474330 21.799326  -0.996632 -0.082171 4.794112  0.943553 -0.088158 -5.987412  1445405527.982047
-0.049315 1.477089 21.814255  -0.995308 -0.097100 4.809042  0.957861 -0.083694 -5.972482  1445405528.032450
-0.064091 1.479628 21.829213  -0.993761 -0.112012 4.824000  0.972104 -0.079014 -5.957524  1445405528.083002
-0.078887 1.481941 21.844397  -0.991991 -0.126883 4.839183  0.987682 -0.073621 -5.940873  1445405528.133486
-0.095208 1.484228 21.860907  -0.989784 -0.143215 4.855693  1.001750 -0.068500 -5.925831  1445405528.183718
-0.110082 1.486074 21.875893  -0.987543 -0.158035 4.870679  1.015755 -0.063162 -5.910844  1445405528.234122
-0.124982 1.487698 21.890766  -0.985082 -0.172819 4.885553  1.029680 -0.057616 -5.895971  1445405528.284403
-0.139904 1.489099 21.905696  -0.982399 -0.187565 4.900482  1.043519 -0.051862 -5.881042  1445405528.334904
-0.154850 1.490275 21.920767  -0.979494 -0.202273 4.915553  1.057274 -0.045900 -5.865971  1445405528.385371
-0.169799 1.491227 21.935922  -0.976372 -0.216924 4.930708  1.070928 -0.039737 -5.850815  1445405528.435644
-0.184761 1.491954 21.950908  -0.973030 -0.231526 4.945695  1.084486 -0.033369 -5.835829  1445405528.485864
-0.199712 1.492448 21.966826  -0.969467 -0.246055 4.961612  1.097927 -0.026801 -5.819912  1445405528.536154
-0.214723 1.492713 21.981586  -0.965666 -0.260578 4.976372  1.111312 -0.020002 -5.805152  1445405528.586387
-0.229743 1.492756 21.996346  -0.961650 -0.275052 4.991133  1.124602 -0.013003 -5.790391  1445405528.636856
-0.244734 1.492577 22.011304  -0.957428 -0.289438 5.006091  1.137762 -0.005822 -5.775433  1445405528.687142
-0.259737 1.492173 22.026149  -0.952987 -0.303774 5.020936  1.150828 0.001564 -5.760588  1445405528.737433
-0.274708 1.491546 22.041164  -0.947864 -0.319434 5.037530  1.165042 0.009896 -5.743994  1445405528.787699
-0.291141 1.490599 22.057702  -0.942987 -0.333584 5.052488  1.177834 0.017668 -5.729036  1445405528.837964
-0.306085 1.489500 22.072886  -0.937892 -0.347676 5.067672  1.190521 0.025639 -5.713852  1445405528.888235
-0.321010 1.488175 22.087956  -0.932585 -0.361688 5.082743  1.203087 0.033802 -5.698781  1445405528.938560
-0.335918 1.486627 22.102830  -0.927066 -0.375623 5.097616  1.215532 0.042155 -5.683908  1445405528.988815
-0.350800 1.484855 22.117816  -0.921340 -0.389474 5.112602  1.227850 0.050692 -5.668922  1445405529.039242
-0.365635 1.482865 22.132886  -0.915416 -0.403219 5.127673  1.240023 0.059401 -5.653851  1445405529.089729
-0.380466 1.480647 22.147816  -0.909275 -0.416900 5.142602  1.252087 0.068308 -5.638922  1445405529.140203
-0.395246 1.478210 22.162971  -0.902935 -0.430472 5.157758  1.264003 0.077387 -5.623766  1445405529.190645
-0.409967 1.475549 22.178494  -0.896396 -0.443927 5.173280  1.275762 0.086634 -5.608244  1445405529.241116
-0.424682 1.472659 22.193367  -0.889638 -0.457314 5.188153  1.287408 0.096081 -5.593371  1445405529.291677
-0.439348 1.469550 22.208212  -0.882683 -0.470595 5.202998  1.300052 0.106671 -5.577002  1445405529.342095
-0.455436 1.465877 22.224581  -0.874801 -0.485092 5.219367  1.311400 0.116480 -5.562157  1445405529.392552
-0.469997 1.462311 22.239539  -0.867434 -0.498149 5.234325  1.322594 0.126453 -5.547199  1445405529.443022
-0.484520 1.458524 22.254497  -0.859864 -0.511108 5.249283  1.333650 0.136603 -5.532241  1445405529.493499
-0.498969 1.454523 22.269624  -0.852109 -0.523939 5.264410  1.344540 0.146907 -5.517114  1445405529.543970
-0.513351 1.450306 22.284836  -0.844163 -0.536647 5.279622  1.355271 0.157371 -5.501902  1445405529.594275
-0.527647 1.445875 22.299850  -0.836034 -0.549215 5.294636  1.365825 0.167984 -5.486887  1445405529.644559
-0.541900 1.441224 22.314695  -0.827706 -0.561682 5.309481  1.376238 0.178770 -5.472042  1445405529.694867
-0.556070 1.436367 22.329568  -0.819202 -0.574013 5.324355  1.386481 0.189699 -5.457169  1445405529.745146
-0.570182 1.431294 22.344498  -0.810505 -0.586230 5.339284  1.396572 0.200793 -5.442240  1445405529.795432
-0.584213 1.426012 22.359456  -0.801629 -0.598312 5.354242  1.406493 0.212033 -5.427282  1445405529.845747
-0.598148 1.420525 22.374583  -0.792582 -0.610246 5.369369  1.416233 0.223409 -5.412155  1445405529.895982
-0.612013 1.414822 22.389654  -0.783346 -0.622055 5.384440  1.425810 0.234943 -5.397084  1445405529.946388
-0.627165 1.408310 22.406023  -0.772981 -0.634885 5.400809  1.436146 0.247795 -5.380715  1445405529.996881
-0.640841 1.402176 22.420896  -0.763382 -0.646395 5.415682  1.445354 0.259621 -5.365842  1445405530.047425
-0.654431 1.395836 22.435769  -0.753606 -0.657767 5.430556  1.454390 0.271589 -5.350968  1445405530.097865
-0.667939 1.389286 22.450812  -0.743650 -0.669004 5.445598  1.463256 0.283705 -5.335926  1445405530.148196
-0.681319 1.382550 22.465854  -0.733550 -0.680066 5.460641  1.471920 0.295924 -5.320883  1445405530.198583
-0.694599 1.375611 22.480812  -0.723282 -0.690978 5.475598  1.480402 0.308276 -5.305925  1445405530.248847
-0.707740 1.368488 22.496532  -0.712873 -0.701706 5.491318  1.488674 0.320726 -5.290206  1445405530.299132
-0.720811 1.361138 22.511349  -0.702265 -0.712305 5.506135  1.496778 0.333343 -5.275389  1445405530.349582
-0.733777 1.353595 22.526194  -0.691500 -0.722751 5.520980  1.504699 0.346082 -5.260544  1445405530.400112
-0.746636 1.345856 22.540982  -0.680575 -0.733042 5.535769  1.512434 0.358943 -5.245755  1445405530.450583
-0.759387 1.337923 22.555884  -0.668386 -0.744171 5.552166  1.520720 0.373218 -5.229358  1445405530.501053
-0.773242 1.328999 22.572281  -0.657157 -0.754104 5.567067  1.528041 0.386301 -5.214457  1445405530.551554
-0.785724 1.320679 22.587465  -0.645775 -0.763875 5.582251  1.535171 0.399499 -5.199273  1445405530.602016
-0.798059 1.312187 22.602423  -0.634267 -0.773457 5.597209  1.542090 0.412780 -5.184315  1445405530.652485
-0.810278 1.303501 22.617324  -0.622603 -0.782876 5.612110  1.548816 0.426179 -5.169414  1445405530.702770
-0.822374 1.294630 22.632225  -0.610793 -0.792125 5.627012  1.555346 0.439683 -5.154512  1445405530.753233
-0.834342 1.285573 22.647183  -0.598840 -0.801201 5.641970  1.561676 0.453291 -5.139554  1445405530.803512
-0.846144 1.276362 22.662169  -0.586783 -0.810077 5.656956  1.567787 0.466959 -5.124568  1445405530.853771
-0.857830 1.266957 22.677071  -0.574571 -0.818787 5.671857  1.573705 0.480742 -5.109667  1445405530.904058
-0.869358 1.257391 22.692113  -0.562246 -0.827302 5.686900  1.579407 0.494594 -5.094624  1445405530.954322
-0.880725 1.247660 22.707833  -0.549807 -0.835618 5.702620  1.584891 0.508517 -5.078904  1445405531.004611
-0.891963 1.237737 22.722678  -0.537216 -0.843757 5.717465  1.590171 0.522549 -5.064059  1445405531.055113
-0.904158 1.226627 22.738906  -0.523225 -0.852497 5.733692  1.595739 0.538077 -5.047831  1445405531.105561
-0.915087 1.216353 22.753751  -0.510381 -0.860245 5.748537  1.600582 0.552274 -5.032986  1445405531.156025
-0.925869 1.205912 22.768653  -0.497415 -0.867805 5.763439  1.605215 0.566550 -5.018085  1445405531.206468
-0.936476 1.195329 22.783667  -0.484360 -0.875159 5.778453  1.609628 0.580869 -5.003071  1445405531.256900
-0.946933 1.184580 22.798597  -0.471186 -0.882324 5.793383  1.613830 0.595264 -4.988141  1445405531.307356
-0.957236 1.173666 22.813780  -0.457895 -0.889294 5.808566  1.617819 0.609733 -4.972957  1445405531.357821
-0.967365 1.162602 22.828794  -0.444506 -0.896058 5.823581  1.621584 0.624253 -4.957943  1445405531.408161
-0.977328 1.151388 22.843752  -0.431017 -0.902621 5.838539  1.625132 0.638828 -4.942985  1445405531.458612
-0.987112 1.140040 22.858654  -0.417448 -0.908976 5.853440  1.628460 0.653438 -4.928084  1445405531.508865
-0.996729 1.128544 22.873471  -0.403781 -0.915129 5.868257  1.631570 0.668099 -4.913267  1445405531.559079
-1.006172 1.116905 22.888457  -0.390024 -0.921078 5.883243  1.634460 0.682806 -4.898281  1445405531.609330
-1.015432 1.105136 22.903640  -0.374807 -0.927374 5.899951  1.637380 0.699013 -4.881573  1445405531.659873
-1.025425 1.092009 22.920320  -0.360853 -0.932889 5.915106  1.639805 0.713820 -4.866418  1445405531.710321
-1.034312 1.079946 22.935165  -0.346837 -0.938187 5.929951  1.642005 0.728642 -4.851573  1445405531.760793
-1.043029 1.067738 22.950010  -0.332728 -0.943282 5.944796  1.643986 0.743511 -4.836728  1445405531.811245
-1.051555 1.055412 22.964883  -0.318557 -0.948161 5.959669  1.645744 0.758395 -4.821855  1445405531.861748
-1.059899 1.042956 22.979897  -0.304310 -0.952830 5.974684  1.647280 0.773309 -4.806840  1445405531.912227
-1.068062 1.030367 22.994883  -0.289984 -0.957289 5.989670  1.648594 0.788255 -4.791854  1445405531.962581
-1.076028 1.017671 23.009869  -0.275608 -0.961528 6.004656  1.649683 0.803204 -4.776868  1445405532.012862
-1.083783 1.004883 23.025533  -0.261201 -0.965540 6.020319  1.650543 0.818134 -4.761205  1445405532.063401
-1.091360 0.991937 23.040660  -0.246690 -0.969338 6.035446  1.651172 0.833121 -4.746077  1445405532.113912
-1.098739 0.978892 23.055308  -0.230679 -0.973265 6.051590  1.651608 0.849600 -4.729934  1445405532.164388
-1.106633 0.964420 23.071564  -0.216069 -0.976609 6.066350  1.651773 0.864587 -4.715174  1445405532.214853
-1.113609 0.951141 23.086409  -0.201399 -0.979739 6.081195  1.651715 0.879587 -4.700329  1445405532.265409
-1.120398 0.937737 23.101423  -0.186660 -0.982655 6.096209  1.651433 0.894610 -4.685315  1445405532.315857
-1.126971 0.924263 23.116381  -0.171911 -0.985343 6.111167  1.650927 0.909593 -4.670357  1445405532.366170
-1.133329 0.910717 23.131367  -0.157151 -0.987805 6.126153  1.650198 0.924539 -4.655371  1445405532.416649
-1.139490 0.897063 23.146297  -0.142341 -0.990049 6.141083  1.649245 0.939488 -4.640441  1445405532.467177
-1.145446 0.883323 23.161142  -0.127502 -0.992071 6.155928  1.648068 0.954418 -4.625596  1445405532.517717
-1.151195 0.869495 23.176212  -0.112635 -0.993871 6.170999  1.646669 0.969328 -4.610525  1445405532.568237
-1.156745 0.855563 23.191198  -0.097722 -0.995451 6.185985  1.644871 0.985718 -4.594015  1445405532.618598
-1.162603 0.840154 23.207624  -0.081304 -0.996928 6.202410  1.643001 1.000593 -4.579114  1445405532.669020
-1.167706 0.826066 23.222582  -0.066361 -0.998037 6.217368  1.640910 1.015430 -4.564156  1445405532.719501
-1.172583 0.811933 23.238443  -0.051436 -0.998914 6.233229  1.638597 1.030201 -4.548295  1445405532.769983
-1.177255 0.797683 23.253316  -0.036454 -0.999562 6.248102  1.636048 1.044979 -4.533422  1445405532.820522
-1.181711 0.783381 23.267963  -0.021480 -0.999989 6.262750  1.633284 1.059702 -4.518774  1445405532.871050
-1.185960 0.769000 23.282837  -0.006485 -1.000196 6.277623  1.630301 1.074398 -4.503901  1445405532.921567
-1.189995 0.754561 23.297682  0.008507 -1.000180 6.292468  1.627101 1.089045 -4.489056  1445405532.971877
-1.193814 0.740064 23.312527  0.023497 -0.999940 6.307313  1.623683 1.103642 -4.474211  1445405533.022055
-1.197415 0.725519 23.327541  0.038474 -0.999478 6.322327  1.620049 1.118179 -4.459197  1445405533.072335
-1.200794 0.710929 23.342555  0.053434 -0.998790 6.337341  1.616200 1.132651 -4.444182  1445405533.122636
-1.203958 0.696271 23.357541  0.069895 -0.997773 6.353880  1.611709 1.148521 -4.427644  1445405533.173142
-1.207186 0.680084 23.373938  0.084859 -0.996612 6.368725  1.607396 1.162896 -4.412799  1445405533.223462
-1.209891 0.665326 23.388925  0.099799 -0.995229 6.383711  1.602871 1.177202 -4.397813  1445405533.273914
-1.212371 0.650548 23.403826  0.114697 -0.993625 6.398612  1.598139 1.191419 -4.382912  1445405533.324398
-1.214631 0.635728 23.418727  0.129577 -0.991797 6.413514  1.593192 1.205572 -4.368010  1445405533.374718
-1.216665 0.620899 23.433911  0.144404 -0.989750 6.428697  1.588042 1.219625 -4.352826  1445405533.425037
-1.218474 0.606033 23.449208  0.159206 -0.987476 6.443994  1.582675 1.233606 -4.337530  1445405533.475289
-1.220060 0.591125 23.464053  0.173988 -0.984975 6.458839  1.577092 1.247520 -4.322685  1445405533.525555
-1.221427 0.576183 23.478869  0.188744 -0.982254 6.473656  1.571299 1.261361 -4.307868  1445405533.575837
-1.222570 0.561226 23.493771  0.203453 -0.979314 6.488557  1.565301 1.275110 -4.292967  1445405533.626117
-1.223490 0.546263 23.508898  0.218109 -0.976158 6.503684  1.559103 1.288761 -4.277840  1445405533.676638
-1.224185 0.531287 23.523856  0.232716 -0.972782 6.518642  1.552702 1.302318 -4.262882  1445405533.727118
-1.224656 0.516314 23.538786  0.248713 -0.968818 6.535096  1.545431 1.317107 -4.246428  1445405533.777632
-1.224913 0.499860 23.555691  0.263171 -0.964992 6.550477  1.538621 1.330422 -4.231047  1445405533.827982
-1.224902 0.484868 23.570931  0.277602 -0.960932 6.565717  1.531587 1.343662 -4.215807  1445405533.878619
-1.224669 0.469870 23.585607  0.291980 -0.956656 6.580393  1.524355 1.356804 -4.201131  1445405533.929038
-1.224214 0.454885 23.600452  0.306285 -0.952170 6.595238  1.516933 1.369829 -4.186286  1445405533.979531
-1.223537 0.439912 23.615268  0.320518 -0.947473 6.610055  1.509320 1.382740 -4.171469  1445405534.030042
-1.222637 0.424947 23.630226  0.334684 -0.942564 6.625012  1.501513 1.395539 -4.156511  1445405534.080516
-1.221514 0.410009 23.645382  0.348763 -0.937447 6.640168  1.493523 1.408210 -4.141356  1445405534.130905
-1.220162 0.395049 23.660368  0.362801 -0.932104 6.655154  1.485320 1.420793 -4.126370  1445405534.181373
-1.218592 0.380156 23.675269  0.376716 -0.926569 6.670055  1.476111 1.434446 -4.110057  1445405534.231746
-1.216607 0.363800 23.691638  0.391928 -0.920239 6.686424  1.467538 1.446735 -4.095099  1445405534.282106
-1.214568 0.348947 23.706596  0.405678 -0.914264 6.701382  1.458778 1.458902 -4.080142  1445405534.332559
-1.212308 0.334126 23.721554  0.419337 -0.908084 6.716340  1.449838 1.470937 -4.065184  1445405534.383036
-1.209829 0.319357 23.736568  0.432887 -0.901707 6.731354  1.440728 1.482823 -4.050169  1445405534.433513
-1.207128 0.304631 23.751498  0.446337 -0.895129 6.746284  1.431444 1.494568 -4.035240  1445405534.483765
-1.204210 0.289972 23.767387  0.459662 -0.888359 6.762173  1.421998 1.506151 -4.019351  1445405534.534185
-1.201050 0.275308 23.782288  0.472927 -0.881355 6.777075  1.412336 1.517626 -4.004449  1445405534.584678
-1.197675 0.260693 23.796964  0.486088 -0.874157 6.791750  1.402507 1.528957 -3.989773  1445405534.635207
-1.194087 0.246136 23.811753  0.499133 -0.866770 6.806539  1.392517 1.540135 -3.974985  1445405534.685730
-1.190284 0.231639 23.826513  0.512065 -0.859192 6.821299  1.382365 1.551162 -3.960225  1445405534.736257
-1.185851 0.215748 23.843023  0.526167 -0.850631 6.837809  1.371004 1.563124 -3.943714  1445405534.786641
-1.181596 0.201373 23.857981  0.538858 -0.842651 6.852767  1.360510 1.573830 -3.928757  1445405534.837096
-1.177125 0.187063 23.872995  0.551428 -0.834480 6.867782  1.349856 1.584378 -3.913742  1445405534.887408
-1.172437 0.172814 23.887897  0.563881 -0.826117 6.882683  1.339038 1.594770 -3.898841  1445405534.937764
-1.167541 0.158648 23.902939  0.576197 -0.817576 6.897726  1.328076 1.604991 -3.883798  1445405534.988166
-1.162430 0.144546 23.917841  0.588395 -0.808845 6.912627  1.316953 1.615056 -3.868897  1445405535.038514
-1.157106 0.130518 23.932770  0.600463 -0.799930 6.927557  1.305678 1.624955 -3.853967  1445405535.088998
-1.151566 0.116552 23.947841  0.612413 -0.790823 6.942627  1.294240 1.634698 -3.838896  1445405535.139466
-1.145829 0.102700 23.962968  0.624199 -0.781558 6.957755  1.282683 1.644247 -3.823769  1445405535.189956
-1.139894 0.088965 23.978406  0.635821 -0.772132 6.973192  1.271004 1.653601 -3.808332  1445405535.240437
-1.133734 0.075287 23.993307  0.648457 -0.761545 6.989505  1.257974 1.663699 -3.792019  1445405535.290959
-1.126733 0.060368 24.009535  0.659800 -0.751736 7.004322  1.245979 1.672700 -3.777202  1445405535.341482
-1.120156 0.046900 24.024409  0.670990 -0.741764 7.019195  1.233859 1.681516 -3.762329  1445405535.392003
-1.113379 0.033531 24.039395  0.682030 -0.731628 7.034181  1.221609 1.690152 -3.747343  1445405535.442374
-1.106398 0.020255 24.054296  0.692928 -0.721320 7.049082  1.209221 1.698611 -3.732442  1445405535.492884
-1.099221 0.007087 24.069226  0.703667 -0.710853 7.064012  1.196711 1.706881 -3.717512  1445405535.543298
-1.091855 -0.005956 24.084550  0.714235 -0.700237 7.079337  1.184093 1.714954 -3.702187  1445405535.593743
-1.084292 -0.018877 24.099932  0.724632 -0.689464 7.094718  1.171357 1.722825 -3.686806  1445405535.644260
-1.076527 -0.031701 24.114551  0.734882 -0.678524 7.109337  1.158489 1.730517 -3.672187  1445405535.694676
-1.068566 -0.044420 24.129368  0.744977 -0.667423 7.124154  1.145497 1.738023 -3.657370  1445405535.745096
-1.059598 -0.058261 24.145737  0.755881 -0.655049 7.140523  1.131090 1.746051 -3.641001  1445405535.795504
-1.051255 -0.070707 24.160695  0.765611 -0.643654 7.155481  1.117888 1.753138 -3.626043  1445405535.846029
-1.042723 -0.083031 24.175794  0.775171 -0.632111 7.170580  1.104577 1.760028 -3.610944  1445405535.896500
-1.033993 -0.095243 24.190836  0.784571 -0.620405 7.185622  1.091142 1.766727 -3.595902  1445405535.946964
-1.025078 -0.107327 24.205794  0.793797 -0.608557 7.200580  1.077605 1.773226 -3.580944  1445405535.997493
-1.015985 -0.119273 24.220667  0.802843 -0.596576 7.215453  1.063975 1.779520 -3.566070  1445405536.047836
-1.006739 -0.131053 24.235681  0.811687 -0.584491 7.230468  1.050287 1.785595 -3.551056  1445405536.098078
-0.997310 -0.142704 24.250611  0.820357 -0.572265 7.245397  1.036499 1.791470 -3.536126  1445405536.148615
-0.987710 -0.154208 24.265513  0.828841 -0.559914 7.260299  1.022628 1.797136 -3.521225  1445405536.199084
-0.977933 -0.165574 24.280583  0.837143 -0.547431 7.275370  1.008665 1.802597 -3.506154  1445405536.249572
-0.967011 -0.177872 24.297884  0.846032 -0.533592 7.292670  0.993254 1.808344 -3.488854  1445405536.299832
-0.956882 -0.188902 24.312898  0.853916 -0.520860 7.307684  0.979138 1.813344 -3.473840  1445405536.350335
-0.946574 -0.199800 24.327461  0.861625 -0.507992 7.322247  0.964926 1.818143 -3.459277  1445405536.400659
-0.936105 -0.210548 24.342277  0.869145 -0.495008 7.337064  0.950641 1.822733 -3.444460  1445405536.451071
-0.925477 -0.221140 24.357094  0.876471 -0.481914 7.351881  0.936290 1.827111 -3.429643  1445405536.501560
-0.914705 -0.231561 24.372137  0.883595 -0.468727 7.366923  0.921890 1.831271 -3.414601  1445405536.552085
-0.903790 -0.241809 24.387010  0.890513 -0.455449 7.381796  0.907447 1.835211 -3.399728  1445405536.602601
-0.892705 -0.251908 24.401996  0.897243 -0.442048 7.396782  0.892922 1.838940 -3.384741  1445405536.652812
-0.881469 -0.261840 24.416926  0.903770 -0.428547 7.411712  0.878342 1.842451 -3.369812  1445405536.703096
-0.870083 -0.271606 24.431997  0.910097 -0.414946 7.426783  0.863708 1.845745 -3.354741  1445405536.753336
-0.858553 -0.281202 24.446898  0.916221 -0.401253 7.441684  0.849026 1.848820 -3.339840  1445405536.803883
-0.845705 -0.291556 24.463380  0.922720 -0.386086 7.458166  0.832824 1.851948 -3.323358  1445405536.854301
-0.833873 -0.300789 24.478451  0.928412 -0.372198 7.473237  0.818045 1.854561 -3.308287  1445405536.904757
-0.821906 -0.309840 24.493606  0.933894 -0.358231 7.488392  0.803232 1.856951 -3.293132  1445405536.955314
-0.809832 -0.318686 24.509015  0.939150 -0.344217 7.503802  0.788421 1.859110 -3.277722  1445405537.005844
-0.797604 -0.327360 24.523917  0.944198 -0.330100 7.518703  0.773554 1.861044 -3.262821  1445405537.056316
-0.785252 -0.335849 24.538734  0.949035 -0.315914 7.533520  0.758665 1.862757 -3.248004  1445405537.106726
-0.772786 -0.344148 24.553522  0.953657 -0.301670 7.548308  0.743763 1.864248 -3.233215  1445405537.157215
-0.760184 -0.352270 24.568537  0.958073 -0.287343 7.563323  0.728825 1.865519 -3.218201  1445405537.207737
-0.747470 -0.360198 24.583438  0.962271 -0.272959 7.578224  0.713878 1.866567 -3.203300  1445405537.258200
-0.734631 -0.367939 24.598339  0.966646 -0.257048 7.594706  0.697401 1.867462 -3.186818  1445405537.308517
-0.720378 -0.376230 24.615075  0.970388 -0.242544 7.609862  0.682433 1.868038 -3.171662  1445405537.358966
-0.707325 -0.383545 24.630231  0.973905 -0.227999 7.625017  0.667473 1.868385 -3.156507  1445405537.409499
-0.694128 -0.390684 24.645047  0.977214 -0.213364 7.639834  0.652469 1.868509 -3.141690  1445405537.460025
-0.680826 -0.397626 24.659921  0.980304 -0.198682 7.654707  0.637465 1.868410 -3.126817  1445405537.510487
-0.667429 -0.404365 24.674850  0.983174 -0.183963 7.669637  0.622473 1.868088 -3.111887  1445405537.560958
-0.653952 -0.410895 24.689921  0.985819 -0.169223 7.684707  0.607507 1.867542 -3.096816  1445405537.611259
-0.640360 -0.417230 24.704907  0.988247 -0.154424 7.699693  0.592531 1.866771 -3.081830  1445405537.661779
-0.626673 -0.423359 24.720063  0.990451 -0.139591 7.714849  0.577568 1.865774 -3.066675  1445405537.712296
-0.612892 -0.429282 24.734964  0.992431 -0.124722 7.729750  0.562617 1.864550 -3.051774  1445405537.762860
-0.597636 -0.435559 24.751248  0.994353 -0.108337 7.746035  0.546198 1.862947 -3.035489  1445405537.813276
