-1.294756	2.282123
-1.280728	2.290026
-1.266653	2.297844
-1.335132	2.457581
-1.245441	2.326442
-1.209676	2.293358
-1.216798	2.341555
-1.228842	2.400605
-1.214089	2.408102
-1.201069	2.419091
-1.198943	2.452469
-1.209465	2.512941
-1.496792	3.159207
-1.501050	3.219085
-1.463491	3.241824
-1.443572	3.250745
-0.005731	0.121849
-0.004983	0.121884
-0.004235	0.121914
1.879820	1.432256
1.888573	1.420697
1.897255	1.409084
2.010681	1.292543
2.018574	1.280183
1.976375	1.236479
1.987329	1.226432
2.041796	1.242817
2.058814	1.235930
3.210371	0.539239
3.213620	0.519532
3.070404	0.457791
3.058306	0.436824
3.060929	0.418053
3.063437	0.399265
3.076745	0.381818
3.088961	0.364105
3.094119	0.345480
3.108114	0.327749
3.110067	0.308674
3.124846	0.290792
3.131553	0.272048
3.139144	0.253312
3.153603	0.235015
3.163965	0.216276
3.172219	0.197295
3.188346	0.178668
3.208359	0.160050
3.211278	0.140451
3.227069	0.121310
3.229752	0.101572
3.261304	0.082539
3.261749	0.062528
3.275070	0.042685
3.277271	0.022605
2.769565	-0.065869
2.769109	-0.082859
2.768548	-0.099846
2.769882	-0.116914
2.800076	-0.135403
2.822159	-0.153831
2.834138	-0.171930
2.834027	-0.189381
2.851761	-0.208148
2.850431	-0.225640
2.848992	-0.243123
0.789052	-0.072190
0.788594	-0.077028
0.788106	-0.081864
0.787589	-0.086696
0.785056	-0.091293
0.769592	-0.094282
0.764040	-0.098361
0.753512	-0.101707
0.748913	-0.105767
0.747261	-0.110212
0.743606	-0.114337
0.737953	-0.118104
0.729323	-0.121315
0.723638	-0.124934
0.718920	-0.128665
0.715167	-0.132525
0.706484	-0.135402
0.703678	-0.139343
0.698891	-0.142855
0.696044	-0.146726
0.689268	-0.149717
0.680529	-0.152195
0.679582	-0.156365
0.686395	-0.162373
0.677612	-0.164689
0.672708	-0.167872
0.669728	-0.171498
0.656090	-0.172299
0.650193	-0.175019
0.635611	-0.175279
0.624900	-0.176455
0.623806	-0.180284
0.620770	-0.183538
0.609103	-0.184157
0.606051	-0.187298
0.602030	-0.190107
0.598949	-0.193181
0.593953	-0.195598
0.588950	-0.197962
0.582049	-0.199622
0.580814	-0.203188
0.573905	-0.204728
0.569819	-0.207218
0.568537	-0.210708
0.564427	-0.213130
0.561242	-0.215869
0.559907	-0.219307
0.552978	-0.220512
0.549761	-0.223146
0.546534	-0.225749
0.544216	-0.228709
0.540964	-0.231255
0.538618	-0.234169
0.530769	-0.234635
0.529319	-0.237886
0.527850	-0.241127
0.524547	-0.243516
0.520330	-0.245448
0.516109	-0.247336
0.513682	-0.250058
0.511242	-0.252760
0.502533	-0.252298
0.499194	-0.254466
0.493183	-0.255223
0.491608	-0.258242
0.490014	-0.261252
0.484005	-0.261871
0.478883	-0.262907
0.477261	-0.265839
0.475621	-0.268760
0.473963	-0.271671
0.471423	-0.274069
0.469732	-0.276954
0.462875	-0.276748
0.459459	-0.278544
0.457741	-0.281356
0.456006	-0.284157
0.452563	-0.285879
0.447433	-0.286490
0.443150	-0.287594
0.439707	-0.289206
0.437092	-0.291341
0.435296	-0.294015
0.432659	-0.296114
0.428369	-0.297050
0.426539	-0.299671
0.423063	-0.301120
0.420396	-0.303123
0.416107	-0.303924
0.412627	-0.305279
0.410746	-0.307803
0.408053	-0.309711
0.404560	-0.310987
0.400278	-0.311617
0.398358	-0.314065
0.394861	-0.315253
0.393697	-0.318297
0.390963	-0.320071
0.385144	-0.319269
0.381646	-0.320337
0.379673	-0.322671
0.376171	-0.323687
0.373424	-0.325330
0.368422	-0.324965
0.367167	-0.327884
0.364407	-0.329458
0.362378	-0.331685
0.359603	-0.333220
0.357552	-0.335418
0.354762	-0.336915
0.353409	-0.339777
0.351317	-0.341937
0.344941	-0.339870
0.342141	-0.341272
0.343557	-0.346917
0.337928	-0.345440
0.335802	-0.347505
0.335043	-0.351004
0.334255	-0.354507
0.330711	-0.355085
0.328526	-0.357106
0.326328	-0.359112
0.322784	-0.359617
0.318582	-0.359343
0.318346	-0.363546
0.316110	-0.365491
0.313861	-0.367421
0.310312	-0.367809
0.308049	-0.369704
0.305775	-0.371585
0.303489	-0.373452
0.301192	-0.375305
0.298884	-0.377144
0.297795	-0.380544
0.295455	-0.382362
0.293103	-0.384166
0.289538	-0.384357
0.287174	-0.386124
0.284800	-0.387877
0.282414	-0.389615
0.280018	-0.391338
0.277612	-0.393047
0.308908	-0.443160
0.364518	-0.529933
0.414582	-0.610781
0.443087	-0.661512
0.459961	-0.695925
0.456774	-0.700408
0.452468	-0.703195
0.448145	-0.705956
0.442744	-0.706995
0.437872	-0.708845
0.433514	-0.711516
0.427596	-0.711589
0.421184	-0.710755
0.242363	-0.414522
0.236822	-0.410799
0.234297	-0.412243
0.234692	-0.418907
0.372144	-0.674290
0.395215	-0.726642
0.394526	-0.736104
0.390002	-0.738508
0.385463	-0.740885
0.363591	-0.709411
0.355629	-0.704483
0.350410	-0.704858
0.346078	-0.706993
0.341734	-0.709101
0.337376	-0.711182
0.333006	-0.713237
0.328624	-0.715265
0.324229	-0.717266
0.320228	-0.720153
0.315803	-0.722102
0.311366	-0.724024
0.306140	-0.724077
0.303991	-0.731481
0.297986	-0.729627
0.293504	-0.731439
0.289010	-0.733224
0.285588	-0.737780
0.280346	-0.737646
0.275814	-0.739350
0.271273	-0.741027
0.267396	-0.744558
0.263154	-0.747125
0.258565	-0.748724
0.254286	-0.751242
0.249672	-0.752786
0.245048	-0.754301
0.240415	-0.755788
0.236664	-0.760112
0.232287	-0.762504
0.227604	-0.763913
0.223750	-0.768174
0.219579	-0.771454
0.214841	-0.772785
0.210357	-0.775051
0.205597	-0.776325
0.200830	-0.777570
0.198005	-0.786544
0.193175	-0.787742
0.186715	-0.782101
0.182139	-0.784204
0.177104	-0.784330
0.172288	-0.785399
0.167673	-0.787418
0.164655	-0.797244
0.160348	-0.801179
0.157137	-0.810982
0.152158	-0.811929
0.147173	-0.812845
0.142183	-0.813731
0.137685	-0.817544
0.132666	-0.818372
0.127949	-0.821145
0.123203	-0.823890
0.117862	-0.822649
0.113083	-0.825336
0.108792	-0.831962
0.104301	-0.837573
0.101385	-0.857065
0.101118	-0.902390
0.164933	-2.039369
0.152416	-2.040340
0.139894	-2.041235
0.128981	-2.068003
0.226971	-4.043654
0.019677	-1.482874
0.010419	-1.459965
0.001444	-1.437999
-0.007363	-1.434979
-0.016110	-1.429905
-0.024760	-1.422778
-0.033252	-1.412600
-0.041919	-1.412367
-0.050584	-1.412081
-0.058910	-1.403749
-0.067522	-1.403359
-0.076132	-1.402916
-0.084738	-1.402421
-0.094276	-1.415841
-0.103180	-1.418226
-0.112038	-1.419558
-0.121001	-1.421830
-0.129905	-1.423051
-0.138634	-1.422225
-0.147358	-1.421345
-0.155967	-1.419418
-0.164211	-1.414459
-0.172766	-1.412430
-0.181429	-1.411341
-0.190085	-1.410199
-0.002814	-0.019748
-0.002935	-0.019728
-0.003056	-0.019708
-0.003177	-0.019686
-0.003297	-0.019664
-0.003418	-0.019642
-0.003538	-0.019618
-0.003659	-0.019594
-0.003779	-0.019569
-0.003899	-0.019543
-0.004019	-0.019517
-0.004138	-0.019490
-0.004258	-0.019462
-0.004377	-0.019433
-0.004496	-0.019404
-0.004615	-0.019374
-0.004734	-0.019343
-0.004853	-0.019311
-0.004971	-0.019279
-0.005089	-0.019246
-0.005207	-0.019212
-0.005325	-0.019178
-0.005443	-0.019143
-0.786067	-2.543185
-1.732283	-4.854039
-1.741860	-4.787873
-1.771205	-4.777093
-0.202483	-0.374613
-0.204777	-0.373362
-0.207064	-0.372096
-0.209344	-0.370816
-0.211615	-0.369523
-1.279723	2.265341
-1.298402	2.331685
-1.269691	2.347448
-1.255264	2.355196
-1.212422	2.308853
-1.198233	2.316252
-1.211700	2.377910
-1.216827	2.424625
-1.205472	2.439219
-1.190920	2.447472
-1.238107	2.584596
-1.486281	3.151999
-1.485859	3.201879
-1.466185	3.210938
-1.449734	3.227174
-1.431118	3.238754
-1.428360	3.286913
1.875297	1.423364
1.871192	1.402236
1.879761	1.390731
1.901179	1.388611
1.953117	1.267424
1.960857	1.255418
1.968523	1.243365
1.976115	1.231265
2.017709	1.240066
2.051789	1.243736
2.063673	1.233692
3.054172	0.430516
3.056756	0.411770
3.062201	0.393391
3.064557	0.374596
3.078718	0.357171
3.080851	0.338276
3.105746	0.321738
3.113634	0.303260
3.117428	0.284333
3.123099	0.265541
3.133642	0.247082
3.168012	0.230245
3.169365	0.210804
3.171597	0.191416
3.180700	0.172387
3.206670	0.154069
3.216547	0.134770
3.224309	0.115283
3.226954	0.095559
3.254473	0.076392
3.254880	0.056424
3.271164	0.036633
3.281327	0.016614
2.775458	-0.071102
2.774970	-0.088128
2.774377	-0.105151
2.781672	-0.122522
2.798845	-0.140488
2.814903	-0.158613
2.825854	-0.176629
2.842674	-0.195195
2.841423	-0.212632
2.840065	-0.230060
0.787383	-0.068623
0.785951	-0.073358
0.784491	-0.078078
0.784992	-0.082993
0.784468	-0.087806
0.778949	-0.092028
0.762492	-0.094828
0.760904	-0.099373
0.750373	-0.102681
0.749729	-0.107281
0.743122	-0.110991
0.742427	-0.115546
0.741704	-0.120097
0.715314	-0.120328
0.713577	-0.124541
0.710831	-0.128558
0.708063	-0.132547
0.706255	-0.136697
0.693636	-0.138672
0.691793	-0.142721
0.690904	-0.146961
0.689989	-0.151195
0.674416	-0.152121
0.673470	-0.156254
0.686117	-0.163631
0.669560	-0.164026
0.668541	-0.168129
0.655877	-0.169226
0.653860	-0.172990
0.646996	-0.175425
0.631455	-0.175373
0.627481	-0.178421
0.625415	-0.181986
0.620453	-0.184676
0.606872	-0.184690
0.605727	-0.188408
0.598842	-0.190301
0.588152	-0.190881
0.586969	-0.194484
0.583870	-0.197439
0.578867	-0.199710
0.575744	-0.202591
0.573549	-0.205780
0.570397	-0.208606
0.567233	-0.211401
0.564055	-0.214165
0.561798	-0.217258
0.551151	-0.217033
0.547024	-0.219292
0.545668	-0.222642
0.542445	-0.225216
0.537369	-0.226981
0.535047	-0.229876
0.529962	-0.231550
0.523962	-0.232764
0.521613	-0.235561
0.520157	-0.238755
0.517776	-0.241517
0.516285	-0.244687
0.512071	-0.246546
0.507854	-0.248362
0.504530	-0.250581
0.499412	-0.251867
0.496967	-0.254469
0.490960	-0.255204
0.489385	-0.258209
0.484266	-0.259315
0.482666	-0.262280
0.480172	-0.264751
0.476793	-0.266713
0.470800	-0.267162
0.463953	-0.267049
0.460579	-0.268879
0.458920	-0.271698
0.456387	-0.273991
0.453843	-0.276264
0.451289	-0.278516
0.448724	-0.280746
0.445304	-0.282420
0.441040	-0.283522
0.440130	-0.286767
0.439196	-0.290011
0.436578	-0.292142
0.424847	-0.288074
0.423072	-0.290673
0.421280	-0.293261
0.419473	-0.295839
0.417650	-0.298405
0.415811	-0.300959
0.411538	-0.301728
0.408074	-0.303052
0.406207	-0.305548
0.401939	-0.306213
0.400052	-0.308672
0.397363	-0.310502
0.392315	-0.310449
0.390402	-0.312848
0.388475	-0.315235
0.384989	-0.316340
0.383041	-0.318694
0.381078	-0.321036
0.377580	-0.322067
0.375597	-0.324376
0.371342	-0.324696
0.366349	-0.324313
0.362119	-0.324549
0.360121	-0.326763
0.352221	-0.323549
0.350229	-0.325702
0.353318	-0.332644
0.351270	-0.334803
0.347771	-0.335560
0.347135	-0.339084
0.345048	-0.341205
0.342948	-0.343314
0.342941	-0.347546
0.340802	-0.349641
0.336571	-0.349561
0.333731	-0.350893
0.331571	-0.352932
0.327360	-0.352757
0.323163	-0.352544
0.323007	-0.356743
0.320145	-0.357970
0.317943	-0.359926
0.315728	-0.361867
0.314807	-0.365311
0.311264	-0.365710
0.307728	-0.366079
0.304838	-0.367188
0.302579	-0.369050
0.300309	-0.370897
0.299900	-0.375075
0.297592	-0.376906
0.295274	-0.378722
0.290507	-0.377353
0.288186	-0.379127
0.285854	-0.380886
0.281132	-0.379415
0.278209	-0.380323
0.275870	-0.382020
0.273521	-0.383704
0.271162	-0.385372
0.320653	-0.461803
0.378817	-0.552880
0.415721	-0.614855
0.446330	-0.668980
0.455407	-0.691754
0.451154	-0.694533
0.446883	-0.697286
0.442597	-0.700013
0.438293	-0.702713
0.433973	-0.705387
0.428081	-0.705469
0.419126	-0.700355
0.242641	-0.410893
0.236094	-0.405456
0.228629	-0.398219
0.226181	-0.399612
0.232484	-0.416715
0.393064	-0.715294
0.393426	-0.726485
0.390373	-0.731531
0.385877	-0.733910
0.379988	-0.733597
0.358222	-0.702057
0.350767	-0.697984
0.346035	-0.699224
0.342175	-0.702231
0.337428	-0.703413
0.333106	-0.705468
0.328350	-0.706590
0.324008	-0.708589
0.319654	-0.710561
0.316905	-0.716166
0.314498	-0.722680
0.310058	-0.724594
0.305606	-0.726480
0.301143	-0.728339
0.295916	-0.728318
0.290701	-0.728260
0.286227	-0.730028
0.281742	-0.731768
0.278659	-0.737223
0.274131	-0.738917
0.269592	-0.740582
0.265042	-0.742220
0.260483	-0.743830
0.255914	-0.745412
0.251336	-0.746966
0.247060	-0.749442
0.242457	-0.750942
0.239049	-0.756227
0.234404	-0.757678
0.229751	-0.759100
0.225372	-0.761452
0.220973	-0.763779
0.217097	-0.768005
0.212381	-0.769320
0.208695	-0.774470
0.203432	-0.773799
0.199176	-0.776968
0.194647	-0.779143
0.189862	-0.780321
0.185531	-0.783415
0.180720	-0.784536
0.175903	-0.785628
0.171079	-0.786691
0.167073	-0.791637
0.162213	-0.792645
0.158898	-0.801471
0.153978	-0.802429
0.149233	-0.804340
0.144295	-0.805238
0.139691	-0.808077
0.135714	-0.814835
0.130711	-0.815651
0.125704	-0.816435
0.121275	-0.821146
0.115396	-0.815931
0.110388	-0.816622
0.105885	-0.821249
0.101450	-0.826844
0.100179	-0.860228
0.226759	-2.061606
0.161526	-2.043655
0.148984	-2.044605
0.136436	-2.045479
0.124967	-2.064242
0.220168	-4.055047
0.035760	-1.507584
0.026007	-1.478777
0.016664	-1.454908
0.007696	-1.446981
-0.001171	-1.435999
-0.009960	-1.432962
-0.018673	-1.426872
-0.027408	-1.425729
-0.035823	-1.412536
-0.044457	-1.411288
-0.053116	-1.410986
-0.061465	-1.403638
-0.069926	-1.400236
-0.078516	-1.399778
-0.087478	-1.405256
-0.096098	-1.404691
-0.105686	-1.417036
-0.114379	-1.416359
-0.123241	-1.417620
-0.132123	-1.418827
-0.140826	-1.417987
-0.150050	-1.422066
-0.158216	-1.416148
-0.166785	-1.414155
-0.175212	-1.411118
-0.184127	-1.411997
-0.192787	-1.410838
-0.002950	-0.019722
-0.003071	-0.019701
-0.003192	-0.019680
-0.003313	-0.019658
-0.003433	-0.019635
-0.003554	-0.019611
-0.003674	-0.019586
-0.003794	-0.019561
-0.003914	-0.019535
-0.004034	-0.019509
-0.004154	-0.019481
-0.004273	-0.019453
-0.004392	-0.019424
-0.004511	-0.019395
-0.004630	-0.019364
-0.004749	-0.019333
-0.004868	-0.019302
-0.004986	-0.019269
-0.005104	-0.019236
-0.005222	-0.019202
-0.005340	-0.019167
-0.005457	-0.019132
-0.844202	-2.713606
-1.703729	-4.839753
-1.733393	-4.829205
-1.745121	-4.769644
-1.774354	-4.758844
-0.197607	-0.374941
-0.199904	-0.373719
-0.202193	-0.372484
-0.204475	-0.371234
-0.206749	-0.369970
-0.209015	-0.368692
-0.211274	-0.367400
-1.281227	2.273718
-1.267737	2.282413
-1.253709	2.290150
-1.239158	2.296922
-1.237248	2.327440
-1.246146	2.379280
-1.231524	2.386883
-1.229090	2.418465
-1.216018	2.429540
-1.201088	2.436958
-1.188732	2.449681
-1.504790	3.149888
-1.506288	3.203404
-1.489544	3.218941
-1.466864	3.221651
-1.447068	3.230593
-1.430041	3.245819
-1.426401	3.292153
1.961156	1.269622
1.968909	1.257566
1.976588	1.245463
1.984193	1.233314
2.007921	1.231050
2.051375	1.240443
3.052885	0.446032
3.049623	0.426462
3.052182	0.407744
3.054626	0.389010
3.061919	0.370863
3.085000	0.354467
3.089105	0.335750
3.103045	0.318014
3.116882	0.300120
3.120657	0.281171
3.126310	0.262354
3.128857	0.243246
3.170189	0.226901
3.174515	0.207642
3.176728	0.188221
3.195797	0.169682
3.202772	0.150353
3.213626	0.131107
3.229361	0.111908
3.231986	0.092150
3.253485	0.072788
3.253871	0.052826
3.258133	0.032902
3.279274	0.012995
2.772712	-0.057066
2.772310	-0.074076
2.771803	-0.091084
2.776188	-0.108282
2.780466	-0.125538
2.806608	-0.143978
2.812661	-0.161596
2.824590	-0.179675
2.843386	-0.198393
2.852086	-0.216592
2.850703	-0.234086
2.849213	-0.251571
0.789783	-0.074599
0.777370	-0.078240
0.776876	-0.083006
0.774364	-0.087545
0.770834	-0.091937
0.759341	-0.095293
0.745853	-0.098250
0.745236	-0.102823
0.744592	-0.107392
0.742930	-0.111808
0.733338	-0.114968
0.730645	-0.119142
0.725957	-0.122953
0.709430	-0.124633
0.704717	-0.128265
0.701951	-0.132215
0.701127	-0.136518
0.695374	-0.139829
0.686670	-0.142466
0.679916	-0.145419
0.677057	-0.149156
0.676129	-0.153305
0.675176	-0.157449
0.676142	-0.162054
0.673193	-0.165719
0.672164	-0.169845
0.665301	-0.172458
0.652633	-0.173452
0.645768	-0.175874
0.625412	-0.174455
0.620484	-0.177188
0.619385	-0.180990
0.613473	-0.183353
0.611380	-0.186820
0.610222	-0.190566
0.600467	-0.191568
0.599281	-0.195247
0.585736	-0.194814
0.584530	-0.198402
0.576687	-0.199692
0.575451	-0.203224
0.572312	-0.206072
0.567282	-0.208199
0.565057	-0.211324
0.559078	-0.213004
0.554963	-0.215343
0.551772	-0.218007
0.549496	-0.221013
0.545353	-0.223242
0.542127	-0.225812
0.539811	-0.228742
0.537479	-0.231653
0.528721	-0.231731
0.526376	-0.234562
0.524016	-0.237373
0.522549	-0.240582
0.519252	-0.242934
0.517752	-0.246113
0.511730	-0.247109
0.504818	-0.247599
0.502394	-0.250244
0.497280	-0.251513
0.490391	-0.251816
0.488836	-0.254818
0.484612	-0.256407
0.483030	-0.259374
0.481429	-0.262331
0.478060	-0.264310
0.472069	-0.264790
0.470436	-0.267680
0.463589	-0.267559
0.461075	-0.269891
0.459411	-0.272713
0.456016	-0.274493
0.453469	-0.276763
0.450912	-0.279012
0.448345	-0.281240
0.445767	-0.283447
0.441498	-0.284549
0.437233	-0.285609
0.435472	-0.288285
0.432865	-0.290392
0.431902	-0.293603
0.429269	-0.295678
0.427447	-0.298305
0.419894	-0.296877
0.415626	-0.297698
0.411364	-0.298479
0.409525	-0.300995
0.406868	-0.302903
0.404204	-0.304790
0.402326	-0.307262
0.398852	-0.308499
0.393803	-0.308471
0.391120	-0.310258
0.386871	-0.310770
0.384181	-0.312505
0.382256	-0.314855
0.380317	-0.317192
0.379127	-0.320164
0.377156	-0.322482
0.375170	-0.324788
0.372418	-0.326423
0.366670	-0.325380
0.359461	-0.322942
0.357473	-0.325139
0.355471	-0.327325
0.353456	-0.329498
0.351428	-0.331659
0.347941	-0.332425
0.345894	-0.334551
0.343835	-0.336666
0.341763	-0.338767
0.343911	-0.345108
0.341787	-0.347210
0.338953	-0.348581
0.336808	-0.350653
0.334650	-0.352711
0.329746	-0.351836
0.322149	-0.347978
0.320008	-0.349946
0.317854	-0.351901
0.315689	-0.353843
0.317477	-0.360275
0.315260	-0.362214
0.313683	-0.364899
0.311438	-0.366815
0.308540	-0.367950
0.303726	-0.366753
0.307797	-0.376351
0.302971	-0.375118
0.299417	-0.375404
0.297726	-0.378018
0.295401	-0.379836
0.292456	-0.380846
0.290114	-0.382632
0.285964	-0.382000
0.283615	-0.383746
0.277721	-0.380628
0.278884	-0.387194
0.276503	-0.388896
0.281000	-0.400409
0.333730	-0.481891
0.383214	-0.560729
0.421680	-0.625262
0.449400	-0.675299
0.455124	-0.693091
0.453580	-0.700065
0.449276	-0.702833
0.444955	-0.705575
0.440089	-0.707441
0.435740	-0.710126
0.427752	-0.706795
0.421871	-0.706828
0.244653	-0.415469
0.235578	-0.405715
0.233084	-0.407151
0.236964	-0.419897
0.244582	-0.439698
0.397970	-0.726251
0.393507	-0.728678
0.389028	-0.731077
0.383143	-0.730791
0.373607	-0.723351
0.358286	-0.704233
0.353958	-0.706417
0.348733	-0.706780
0.344389	-0.708904
0.340033	-0.711002
0.335238	-0.712168
0.329182	-0.710580
0.324816	-0.712585
0.320437	-0.714563
0.316047	-0.716513
0.311645	-0.718437
0.307230	-0.720334
0.303964	-0.724971
0.299510	-0.726821
0.295044	-0.728643
0.288722	-0.725791
0.286081	-0.732205
0.282298	-0.735812
0.277778	-0.737529
0.271516	-0.734527
0.269728	-0.743699
0.265160	-0.745338
0.259595	-0.744116
0.255024	-0.745693
0.251396	-0.750087
0.247412	-0.753514
0.241255	-0.750255
0.238447	-0.757444
0.235265	-0.763670
0.230575	-0.765097
0.225876	-0.766495
0.221168	-0.767865
0.216453	-0.769206
0.211729	-0.770518
0.206997	-0.771800
0.201752	-0.771119
0.197510	-0.774279
0.193238	-0.777415
0.188464	-0.778585
0.183683	-0.779725
0.179341	-0.782785
0.174969	-0.785821
0.171409	-0.792743
0.167362	-0.797693
0.162862	-0.800663
0.158911	-0.806551
0.153959	-0.807509
0.149363	-0.810404
0.144213	-0.810319
0.139239	-0.811187
0.134747	-0.814984
0.129744	-0.815793
0.125037	-0.818550
0.120157	-0.820289
0.115398	-0.822990
0.110346	-0.823680
0.105796	-0.828308
0.101312	-0.833904
0.101902	-0.884181
0.223988	-2.057878
0.159595	-2.048816
0.146806	-2.046763
0.134245	-2.047623
0.121856	-2.051401
0.215211	-4.047297
0.115821	-4.051353
0.033987	-1.505622
0.024017	-1.460807
0.014993	-1.454925
0.006053	-1.451988
-0.002826	-1.437996
-0.011524	-1.422950
-0.020183	-1.417851
-0.028800	-1.413700
-0.037420	-1.411495
-0.045883	-1.405241
-0.054505	-1.404931
-0.063079	-1.403569
-0.071690	-1.403154
-0.080356	-1.403684
-0.089031	-1.404161
-0.097714	-1.404584
-0.106937	-1.411933
-0.116253	-1.419221
-0.125399	-1.423460
-0.134130	-1.422662
-0.142857	-1.421811
-0.151579	-1.420905
-0.160182	-1.418953
-0.168648	-1.415956
-0.177583	-1.416877
-0.186273	-1.415759
-0.194956	-1.414587
-0.630918	-4.374695
-0.657749	-4.370740
-0.684555	-4.366620
-0.002921	-0.019738
-0.003042	-0.019718
-0.003163	-0.019697
-0.003284	-0.019676
-0.003404	-0.019653
-0.003525	-0.019630
-0.003645	-0.019606
-0.003765	-0.019582
-0.003885	-0.019557
-0.004005	-0.019531
-0.004125	-0.019504
-0.004245	-0.019476
-0.004364	-0.019448
-0.004483	-0.019419
-0.004602	-0.019389
-0.004721	-0.019359
-0.004840	-0.019328
-0.004958	-0.019296
-0.005077	-0.019263
-0.005195	-0.019230
-0.005313	-0.019196
-0.005430	-0.019161
-0.005548	-0.019125
-0.849048	-2.718402
-1.703461	-4.821845
-1.721152	-4.778372
-1.743890	-4.749884
-1.773002	-4.739092
-1.802047	-4.728122
-1.939963	-4.997569
-0.189352	-0.374742
-0.191648	-0.373572
-0.193474	-0.371500
-0.196218	-0.371188
-0.198965	-0.370856
-0.201716	-0.370504
-0.203501	-0.368383
-0.206736	-0.368869
-0.210975	-0.371068
-0.213248	-0.369765
-1.283821	2.281376
-1.282899	2.312822
-1.268683	2.320653
-1.241611	2.304628
-1.240110	2.336052
-1.240587	2.371973
-1.226010	2.379543
-1.227682	2.419124
-1.216393	2.433769
-1.201437	2.441190
-1.186871	2.449418
-1.500406	3.145279
-1.504459	3.204212
-1.485190	3.214293
-1.465025	3.222437
-1.445225	3.231368
-1.425371	3.240178
-1.420951	3.284658
1.979581	1.279974
1.987397	1.267806
1.995139	1.255590
2.002806	1.243327
2.010397	1.231017
2.032464	1.227451
3.172512	0.541563
3.122491	0.513329
3.125582	0.494162
3.101861	0.470924
3.047297	0.443530
3.049961	0.424826
3.057467	0.406766
3.059905	0.388001
3.064214	0.369460
3.079339	0.352131
3.095361	0.334738
3.108300	0.316857
3.118149	0.298544
3.122910	0.279676
3.131543	0.261093
3.141063	0.242492
3.168426	0.225059
3.177730	0.206134
3.179934	0.186693
3.182018	0.167233
3.212952	0.149099
3.221800	0.129706
3.227532	0.110108
3.228147	0.090305
3.250635	0.070978
3.251009	0.051034
3.264261	0.031212
3.286391	0.011260
2.772792	-0.058553
2.772380	-0.075563
2.771865	-0.092570
2.779238	-0.109890
2.787502	-0.127349
2.799651	-0.145121
2.818674	-0.163452
2.823606	-0.181126
2.859350	-0.201040
2.917888	-0.223155
2.916464	-0.241052
2.855165	-0.253630
0.780894	-0.074171
0.774454	-0.078354
0.773959	-0.083102
0.773435	-0.087847
0.772881	-0.092589
0.763369	-0.096201
0.755825	-0.099962
0.751235	-0.104046
0.745634	-0.107935
0.739025	-0.111609
0.732399	-0.115206
0.725758	-0.118726
0.723044	-0.122839
0.714398	-0.125882
0.712628	-0.130081
0.703956	-0.132963
0.702145	-0.137085
0.698350	-0.140795
0.695515	-0.144668
0.682881	-0.146413
0.672206	-0.148440
0.671282	-0.152559
0.673255	-0.157356
0.679083	-0.163117
0.671273	-0.165601
0.670244	-0.169714
0.650801	-0.169042
0.644920	-0.171742
0.639996	-0.174640
0.630245	-0.176137
0.625307	-0.178897
0.621318	-0.181885
0.619232	-0.185404
0.601829	-0.184219
0.596870	-0.186711
0.594760	-0.190062
0.593583	-0.193706
0.587640	-0.195760
0.584534	-0.198716
0.581414	-0.201640
0.578281	-0.204534
0.572312	-0.206379
0.570096	-0.209539
0.562245	-0.210574
0.559074	-0.213304
0.556823	-0.216365
0.550836	-0.217935
0.545778	-0.219812
0.544419	-0.223155
0.541194	-0.225718
0.539799	-0.229032
0.536547	-0.231544
0.529623	-0.232417
0.523621	-0.233621
0.522178	-0.236827
0.520715	-0.240024
0.515611	-0.241514
0.514119	-0.244671
0.505407	-0.244334
0.503898	-0.247428
0.500581	-0.249620
0.499040	-0.252684
0.497480	-0.255739
0.492356	-0.256932
0.487236	-0.258073
0.483001	-0.259633
0.481399	-0.262590
0.476280	-0.263598
0.473782	-0.266023
0.472140	-0.268922
0.465287	-0.268808
0.461904	-0.270644
0.458516	-0.272448
0.456835	-0.275254
0.455138	-0.278049
0.453423	-0.280834
0.451691	-0.283609
0.444039	-0.282611
0.440616	-0.284243
0.438864	-0.286939
0.437095	-0.289624
0.432820	-0.290624
0.431029	-0.293272
0.425929	-0.293637
0.420021	-0.293377
0.416581	-0.294790
0.414765	-0.297338
0.412932	-0.299875
0.409474	-0.301215
0.410023	-0.305513
0.408141	-0.308020
0.402272	-0.307478
0.400378	-0.309938
0.395322	-0.309917
0.392630	-0.311712
0.390710	-0.314113
0.388775	-0.316502
0.386826	-0.318879
0.382560	-0.319320
0.380593	-0.321659
0.374056	-0.320082
0.372085	-0.322369
0.368597	-0.323324
0.363617	-0.322919
0.359399	-0.323134
0.357409	-0.325331
0.355406	-0.327515
0.353390	-0.329687
0.351361	-0.331847
0.344984	-0.329845
0.342953	-0.331953
0.340910	-0.334049
0.342401	-0.339655
0.341016	-0.342456
0.339609	-0.345253
0.336788	-0.346610
0.333963	-0.347946
0.329071	-0.347081
0.326935	-0.349091
0.323430	-0.349619
0.322627	-0.353072
0.319785	-0.354300
0.317605	-0.356253
0.315413	-0.358192
0.313209	-0.360118
0.310994	-0.362031
0.309413	-0.364693
0.307169	-0.366582
0.304914	-0.368457
0.304545	-0.372643
0.300370	-0.372166
0.298081	-0.374000
0.295780	-0.375819
0.291629	-0.375255
0.289321	-0.377034
0.287003	-0.378800
0.284673	-0.380551
0.282333	-0.382288
0.278216	-0.381586
0.275869	-0.383283
0.273512	-0.384966
0.282043	-0.402198
0.333014	-0.481247
0.388659	-0.569196
0.422014	-0.626318
0.456895	-0.687201
0.454315	-0.692498
0.450057	-0.695270
0.445783	-0.698016
0.441491	-0.700736
0.437183	-0.703429
0.432859	-0.706096
0.426967	-0.706168
0.422626	-0.708772
0.242009	-0.411289
0.237977	-0.410168
0.235456	-0.411618
0.234397	-0.415667
0.273083	-0.491420
0.397691	-0.726465
0.393226	-0.728889
0.388747	-0.731285
0.381471	-0.728338
0.367374	-0.711996
0.358019	-0.704426
0.349218	-0.697662
0.344931	-0.699789
0.340630	-0.701890
0.336317	-0.703964
0.331991	-0.706012
0.327653	-0.708033
0.325786	-0.715490
0.320573	-0.715647
0.316176	-0.717598
0.311767	-0.719522
0.309304	-0.726020
0.302914	-0.723289
0.298470	-0.725131
0.293641	-0.726019
0.288812	-0.726875
0.284346	-0.728631
0.280228	-0.731294
0.275735	-0.732997
0.271232	-0.734672
0.268080	-0.740082
0.263868	-0.742653
0.259963	-0.746144
0.256994	-0.752455
0.252689	-0.754964
0.248052	-0.756498
0.243100	-0.757051
0.238750	-0.759480
0.234085	-0.760928
0.229412	-0.762347
0.224730	-0.763738
0.220316	-0.766061
0.215611	-0.767396
0.210898	-0.768702
0.206178	-0.769979
0.202458	-0.775098
0.197945	-0.777292
0.193172	-0.778490
0.188157	-0.778686
0.183375	-0.779823
0.178810	-0.781906
0.175091	-0.787867
0.170885	-0.791857
0.166023	-0.792888
0.161948	-0.797810
0.157050	-0.798786
0.152519	-0.801697
0.148679	-0.808517
0.143715	-0.809411
0.138746	-0.810276
0.134583	-0.816043
0.129573	-0.816851
0.124559	-0.817628
0.119827	-0.820353
0.114516	-0.819090
0.109488	-0.819775
0.105462	-0.828365
0.103251	-0.852821
0.100629	-0.876287
0.172090	-2.058854
0.159377	-2.058872
0.145536	-2.042851
0.132999	-2.043703
0.121453	-2.061449
0.214306	-4.069382
0.114374	-4.073406
0.032853	-1.485645
0.023407	-1.464819
0.014314	-1.453933
0.005392	-1.453991
-0.003459	-1.427994
-0.012194	-1.424944
-0.020832	-1.417840
-0.029426	-1.412685
-0.038094	-1.412475
-0.046726	-1.411213
-0.055226	-1.406900
-0.063767	-1.404534
-0.072384	-1.404114
-0.080998	-1.403641
-0.090121	-1.411098
-0.098848	-1.411514
-0.107736	-1.413870
-0.116491	-1.414176
-0.125255	-1.414428
-0.133931	-1.413631
-0.143307	-1.419744
-0.152016	-1.418835
-0.160719	-1.417873
-0.169416	-1.416858
-0.178106	-1.415789
-0.186921	-1.415659
-0.195604	-1.414483
-0.633870	-4.379305
-0.002942	-0.019717
-0.003063	-0.019696
-0.003183	-0.019674
-0.003304	-0.019652
-0.003424	-0.019629
-0.003545	-0.019605
-0.003665	-0.019580
-0.003785	-0.019555
-0.003905	-0.019529
-0.004025	-0.019502
-0.004144	-0.019474
-0.004264	-0.019446
-0.004383	-0.019417
-0.004502	-0.019387
-0.004621	-0.019356
-0.004740	-0.019325
-0.004858	-0.019293
-0.004976	-0.019261
-0.005094	-0.019227
-0.005212	-0.019193
-0.005330	-0.019158
-0.005447	-0.019123
-0.804389	-2.570979
-1.673056	-4.919138
-1.703208	-4.908778
-1.703600	-4.814332
-1.726659	-4.785914
-1.755992	-4.775227
-1.785259	-4.764360
-1.915761	-5.018632
-0.181481	-0.381896
-0.181643	-0.376272
-0.183949	-0.375147
-0.186247	-0.374009
-0.188538	-0.372857
-0.190823	-0.371690
-0.193100	-0.370510
-0.196775	-0.371966
-0.199053	-0.370749
-0.201324	-0.369518
-0.203588	-0.368274
-0.209273	-0.373117
-0.212054	-0.372693
-0.214337	-0.371382
-1.267934	2.255878
-1.261825	2.277613
-1.247826	2.285315
-1.233780	2.292931
-1.237961	2.334915
-1.250009	2.392988
-1.230268	2.390835
-1.220549	2.408153
-1.226747	2.457649
-1.211644	2.465132
-1.513266	3.126882
-1.516421	3.183053
-1.496862	3.192300
-1.484789	3.217771
-1.465017	3.226823
-1.445190	3.235754
-1.437378	3.272029
1.844257	1.411384
1.852882	1.400044
1.856629	1.385063
1.865092	1.373648
1.990335	1.285480
1.998185	1.273246
2.005114	1.260432
2.012810	1.248107
2.021283	1.236258
2.053661	1.238817
3.081361	0.466206
3.048537	0.442126
3.050202	0.423277
3.052741	0.404556
3.056158	0.385945
3.069390	0.368500
3.086497	0.351359
3.089589	0.332524
3.112464	0.315682
3.125293	0.297624
3.132041	0.278888
3.138676	0.260081
3.150184	0.241585
3.161582	0.222957
3.167880	0.203878
3.170070	0.184497
3.192114	0.166136
3.215050	0.147558
3.223888	0.128149
3.227612	0.108469
3.241212	0.089022
3.247696	0.069263
3.248060	0.049337
3.270301	0.029608
3.273421	0.009553
2.770787	-0.059918
2.770367	-0.076916
2.769843	-0.093910
2.786201	-0.111582
2.795453	-0.129134
2.802597	-0.146700
2.812626	-0.164533
2.836511	-0.183399
2.844310	-0.201433
2.871935	-0.221105
2.870524	-0.238720
2.869005	-0.256326
0.779885	-0.074472
0.776429	-0.078950
0.775930	-0.083710
0.775401	-0.088467
0.770873	-0.092742
0.761360	-0.096337
0.743903	-0.098766
0.741302	-0.103050
0.740656	-0.107594
0.735038	-0.111384
0.732365	-0.115578
0.726709	-0.119257
0.714134	-0.121694
0.709435	-0.125374
0.707669	-0.129542
0.703913	-0.133320
0.702100	-0.137442
0.688502	-0.139168
0.684698	-0.142774
0.681854	-0.146549
0.676060	-0.149646
0.675129	-0.153789
0.674173	-0.157926
0.681941	-0.164165
0.680921	-0.168343
0.679875	-0.172516
0.650740	-0.169372
0.643892	-0.171811
0.632215	-0.172853
0.628254	-0.175917
0.623318	-0.178663
0.618372	-0.181355
0.617247	-0.185144
0.602716	-0.184818
0.601570	-0.188510
0.594688	-0.190364
0.588757	-0.192452
0.584719	-0.195108
0.583511	-0.198690
0.575669	-0.199965
0.574431	-0.203491
0.573172	-0.207009
0.570014	-0.209828
0.564035	-0.211562
0.558056	-0.213230
0.554874	-0.215922
0.552609	-0.218951
0.541982	-0.218592
0.539705	-0.221531
0.538336	-0.224836
0.536946	-0.228132
0.535536	-0.231420
0.531360	-0.233491
0.525353	-0.234703
0.520261	-0.236265
0.518802	-0.239450
0.516418	-0.242201
0.514922	-0.245363
0.508907	-0.246335
0.504694	-0.248126
0.499584	-0.249427
0.496261	-0.251580
0.490263	-0.252328
0.488705	-0.255329
0.484479	-0.256913
0.481133	-0.258930
0.477780	-0.260916
0.472672	-0.261900
0.467570	-0.262831
0.465949	-0.265692
0.464310	-0.268543
0.457479	-0.268347
0.455824	-0.271146
0.454152	-0.273935
0.455874	-0.278802
0.447357	-0.277373
0.445647	-0.280110
0.443077	-0.282299
0.436297	-0.281752
0.433724	-0.283873
0.431141	-0.285974
0.429378	-0.288611
0.424294	-0.288984
0.422513	-0.291580
0.420716	-0.294164
0.417272	-0.295580
0.415450	-0.298132
0.413613	-0.300673
0.411760	-0.303203
0.409892	-0.305721
0.408806	-0.308831
0.402934	-0.308290
0.401035	-0.310754
0.397548	-0.311971
0.394061	-0.313156
0.391354	-0.314938
0.388639	-0.316699
0.386688	-0.319075
0.381655	-0.318873
0.378165	-0.319913
0.374677	-0.320923
0.371946	-0.322558
0.368457	-0.323511
0.366465	-0.325763
0.360002	-0.323986
0.358007	-0.326186
0.355999	-0.328374
0.353978	-0.330550
0.351943	-0.332713
0.345563	-0.330712
0.343527	-0.332824
0.341478	-0.334922
0.339417	-0.337009
0.338752	-0.340501
0.338057	-0.343998
0.335940	-0.346063
0.333811	-0.348115
0.331668	-0.350154
0.329514	-0.352180
0.325990	-0.352723
0.323820	-0.354714
0.317622	-0.352233
0.316784	-0.355667
0.313936	-0.356850
0.312396	-0.359522
0.309533	-0.360670
0.307314	-0.362560
0.303160	-0.362134
0.300932	-0.363985
0.298693	-0.365822
0.298324	-0.369982
0.296671	-0.372586
0.294379	-0.374396
0.292076	-0.376193
0.287939	-0.375593
0.285629	-0.377350
0.283308	-0.379093
0.281570	-0.381626
0.279223	-0.383344
0.277449	-0.385860
0.275076	-0.387553
0.301351	-0.430202
0.345861	-0.500344
0.397966	-0.583442
0.431206	-0.640640
0.456571	-0.687433
0.454535	-0.693566
0.450271	-0.696339
0.445990	-0.699086
0.441692	-0.701807
0.436850	-0.703651
0.432525	-0.706316
0.428183	-0.708954
0.422291	-0.708987
0.240306	-0.408824
0.237292	-0.409423
0.234776	-0.410869
0.232740	-0.413170
0.402768	-0.725967
0.398306	-0.728422
0.393829	-0.730849
0.387463	-0.729716
0.380662	-0.727645
0.362460	-0.703291
0.357686	-0.704607
0.352462	-0.704997
0.347688	-0.706246
0.343348	-0.708363
0.336845	-0.705940
0.332082	-0.707086
0.327737	-0.709108
0.323380	-0.711103
0.319011	-0.713071
0.314629	-0.715012
0.312220	-0.721516
0.307787	-0.723416
0.303342	-0.725288
0.300405	-0.730833
0.294419	-0.728950
0.289940	-0.730741
0.285451	-0.732503
0.278810	-0.728633
0.274334	-0.730328
0.269848	-0.731995
0.266710	-0.737396
0.262848	-0.740901
0.258625	-0.743442
0.255025	-0.747852
0.250431	-0.749400
0.246450	-0.752821
0.242436	-0.756222
0.237791	-0.757692
0.233137	-0.759134
0.228762	-0.761506
0.224085	-0.762892
0.219400	-0.764250
0.216593	-0.772320
0.211850	-0.773632
0.206326	-0.772016
0.201334	-0.772297
0.196837	-0.774485
0.192081	-0.775675
0.188020	-0.779753
0.183688	-0.782837
0.178881	-0.783947
0.174067	-0.785027
0.169667	-0.788033
0.165033	-0.790035
0.160182	-0.791030
0.156093	-0.795921
0.151764	-0.799809
0.149372	-0.814494
0.144024	-0.813423
0.139030	-0.814289
0.134031	-0.815124
0.128871	-0.814941
0.123869	-0.815713
0.118861	-0.816455
0.113712	-0.816176
0.109359	-0.821813
0.105442	-0.831395
0.100338	-0.832023
0.099417	-0.869383
0.169582	-2.041003
0.157055	-2.042002
0.144523	-2.042925
0.133013	-2.059737
0.235428	-4.037166
0.211484	-4.054510
0.186785	-4.059725
0.161872	-4.060792
0.136952	-4.061706
0.113318	-4.109450
0.022946	-1.481829
0.013554	-1.448940
0.004658	-1.446993
-0.004173	-1.431992
-0.012940	-1.429937
-0.021652	-1.425829
-0.030206	-1.416668
-0.038731	-1.410456
-0.047317	-1.408190
-0.055877	-1.405872
-0.064363	-1.402504
-0.073125	-1.405075
-0.081745	-1.404598
-0.090361	-1.404067
-0.099116	-1.405478
-0.108429	-1.413815
-0.117765	-1.421092
-0.126483	-1.420340
-0.135481	-1.422521
-0.144207	-1.421661
-0.152927	-1.420746
-0.161301	-1.416798
-0.169992	-1.415779
-0.178675	-1.414707
-0.187353	-1.413581
-0.197125	-1.420326
-0.002927	-0.019715
-0.003048	-0.019694
-0.003169	-0.019672
-0.003289	-0.019650
-0.003410	-0.019627
-0.003530	-0.019603
-0.003650	-0.019578
-0.003770	-0.019553
-0.003890	-0.019526
-0.004010	-0.019499
-0.004130	-0.019472
-0.004249	-0.019443
-0.004368	-0.019414
-0.004487	-0.019385
-0.004606	-0.019354
-0.004725	-0.019323
-0.004843	-0.019291
-0.004962	-0.019258
-0.005080	-0.019224
-0.005197	-0.019190
-0.005315	-0.019155
-0.005433	-0.019120
-0.796095	-2.540036
-1.672627	-4.909769
-1.702722	-4.899411
-1.709696	-4.823834
-1.724646	-4.772810
-1.743874	-4.734923
-1.772894	-4.724131
-1.801848	-4.713161
-0.167558	-0.369614
-0.169822	-0.368576
-0.172081	-0.367524
-0.175624	-0.369167
-0.178322	-0.368979
-0.181907	-0.370567
-0.186412	-0.373914
-0.188703	-0.372761
-0.191903	-0.373371
-0.194190	-0.372184
-0.196470	-0.370983
-0.198743	-0.369768
-0.201967	-0.370294
-0.205690	-0.371668
-0.207967	-0.370396
-0.210236	-0.369111
-0.212497	-0.367811
-1.268257	2.278486
-1.270613	2.316034
-1.256378	2.323791
-1.226103	2.301457
-1.227767	2.339042
-1.233026	2.420763
-1.224429	2.440800
-1.220507	2.470683
-1.205324	2.478129
-1.190096	2.485482
-1.487888	3.156629
-1.481962	3.194730
-1.478117	3.238333
-1.458219	3.247346
-1.438266	3.256236
-1.420650	3.270507
1.847817	1.402064
1.856385	1.390704
1.864884	1.379291
1.999983	1.280077
2.007800	1.267785
1.978197	1.232177
1.985721	1.220020
2.030796	1.230626
2.052042	1.226356
3.074556	0.452370
3.045587	0.429036
3.048162	0.410344
3.050622	0.391638
3.064879	0.374371
3.078046	0.356830
3.084153	0.338377
3.100097	0.320892
3.110965	0.302740
3.121727	0.284467
3.133378	0.266158
3.137943	0.247166
3.145385	0.228346
3.161694	0.210041
3.175899	0.191424
3.189995	0.172640
3.193991	0.153211
3.203863	0.133990
3.221614	0.114940
3.238252	0.095646
3.238778	0.075779
3.239182	0.055909
3.277461	0.036460
3.282623	0.016378
2.764752	-0.071023
2.764264	-0.087982
2.763672	-0.104938
2.782957	-0.122771
2.789142	-0.140192
2.804204	-0.158200
2.809169	-0.175774
2.836969	-0.194993
2.851675	-0.213588
2.850311	-0.231077
2.848839	-0.248558
0.779272	-0.072766
0.778810	-0.077542
0.776331	-0.082104
0.777800	-0.087085
0.775265	-0.091617
0.765757	-0.095256
0.754251	-0.098523
0.748679	-0.102466
0.746056	-0.106770
0.737475	-0.110159
0.734809	-0.114370
0.733106	-0.118713
0.727434	-0.122374
0.717803	-0.125283
0.711117	-0.128612
0.707366	-0.132416
0.704577	-0.136369
0.700785	-0.140097
0.693057	-0.142975
0.682386	-0.145138
0.681482	-0.149319
0.679578	-0.153273
0.678625	-0.157436
0.680564	-0.162289
0.679555	-0.166458
0.665914	-0.167447
0.664874	-0.171526
0.653176	-0.172783
0.644383	-0.174688
0.631737	-0.175421
0.626802	-0.178195
0.618016	-0.179796
0.614026	-0.182724
0.608110	-0.185027
0.605054	-0.188157
0.603888	-0.191862
0.596993	-0.193706
0.587250	-0.194528
0.581310	-0.196521
0.579148	-0.199753
0.574138	-0.201970
0.569123	-0.204134
0.565982	-0.206930
0.564702	-0.210395
0.561531	-0.213141
0.560212	-0.216579
0.554221	-0.218175
0.550088	-0.220450
0.545947	-0.222683
0.539030	-0.223722
0.534884	-0.225853
0.533488	-0.229127
0.530240	-0.231590
0.527895	-0.234429
0.524624	-0.236836
0.522253	-0.239629
0.518960	-0.241979
0.508431	-0.240869
0.506943	-0.243980
0.505437	-0.247081
0.502120	-0.249284
0.500581	-0.252356
0.498133	-0.254963
0.487689	-0.253395
0.486125	-0.256378
0.482780	-0.258407
0.478550	-0.259927
0.476946	-0.262854
0.473579	-0.264795
0.470206	-0.266704
0.467694	-0.269081
0.460854	-0.268914
0.457475	-0.270713
0.455805	-0.273511
0.454118	-0.276298
0.452415	-0.279076
0.450694	-0.281842
0.448956	-0.284598
0.442996	-0.284638
0.440404	-0.286800
0.438636	-0.289493
0.432697	-0.289392
0.429259	-0.290915
0.427466	-0.293539
0.424016	-0.295009
0.420564	-0.296447
0.418737	-0.299018
0.414465	-0.299818
0.411811	-0.301759
0.408347	-0.303083
0.406479	-0.305579
0.402211	-0.306244
0.398742	-0.307480
0.396848	-0.309916
0.394939	-0.312341
0.389895	-0.312252
0.385643	-0.312743
0.386034	-0.317005
0.381776	-0.317443
0.379057	-0.319131
0.377092	-0.321447
0.372086	-0.321134
0.367852	-0.321431
0.365124	-0.323015
0.363135	-0.325245
0.361133	-0.327463
0.356172	-0.326961
0.351964	-0.327092
0.352133	-0.331299
0.347924	-0.331378
0.345884	-0.333503
0.343831	-0.335615
0.341765	-0.337714
0.339687	-0.339801
0.337595	-0.341874
0.335491	-0.343935
0.331988	-0.344542
0.329868	-0.346568
0.325682	-0.346394
0.323551	-0.348382
0.323433	-0.352569
0.322605	-0.356026
0.320414	-0.357995
0.318212	-0.359950
0.314026	-0.359630
0.311814	-0.361546
0.309590	-0.363448
0.307354	-0.365337
0.305106	-0.367212
0.302847	-0.369073
0.298062	-0.367810
0.295800	-0.369628
0.295384	-0.373788
0.293085	-0.375589
0.288946	-0.374998
0.286640	-0.376759
0.284323	-0.378507
0.281995	-0.380240
0.279066	-0.381152
0.276723	-0.382853
0.276108	-0.386984
0.276603	-0.392758
0.309518	-0.445392
0.360998	-0.526502
0.411493	-0.608257
0.439921	-0.659028
0.458399	-0.695966
0.454120	-0.698762
0.450902	-0.703215
0.446579	-0.705965
0.442239	-0.708688
0.433693	-0.704568
0.433509	-0.714053
0.424501	-0.708971
0.419128	-0.709835
0.238872	-0.409797
0.229889	-0.399972
0.227431	-0.401371
0.231289	-0.414112
0.372135	-0.676753
0.392241	-0.723877
0.388263	-0.727148
0.383794	-0.729513
0.378851	-0.730962
0.357558	-0.700303
0.351909	-0.699798
0.347608	-0.701940
0.344607	-0.706753
0.340264	-0.708850
0.336335	-0.711825
0.331961	-0.713872
0.327575	-0.715891
0.323176	-0.717883
0.321190	-0.725337
0.316733	-0.727290
0.312265	-0.729215
0.306236	-0.727426
0.299477	-0.723741
0.294654	-0.724634
0.290202	-0.726425
0.286104	-0.729119
0.281625	-0.730856
0.277135	-0.732567
0.272635	-0.734249
0.268125	-0.735904
0.265955	-0.744125
0.262044	-0.747627
0.257776	-0.750162
0.253169	-0.751726
0.249802	-0.757061
0.245458	-0.759527
0.240794	-0.761015
0.234939	-0.758652
0.231147	-0.762947
0.226462	-0.764347
0.221768	-0.765718
0.217065	-0.767060
0.212354	-0.768373
0.208675	-0.773521
0.204178	-0.775750
0.199167	-0.776015
0.194401	-0.777218
0.189629	-0.778392
0.184849	-0.779537
0.180062	-0.780653
0.175269	-0.781739
0.171317	-0.786704
0.167311	-0.791651
0.162450	-0.792659
0.157583	-0.793636
0.154026	-0.801460
0.148742	-0.800419
0.143828	-0.801312
0.138909	-0.802176
0.134967	-0.808928
0.130001	-0.809737
0.126091	-0.817434
0.121073	-0.818188
0.116051	-0.818912
0.110357	-0.814649
0.105993	-0.820266
0.101443	-0.824867
0.101332	-0.868184
0.161672	-2.043668
0.149130	-2.044618
0.136581	-2.045490
0.125111	-2.064253
0.219032	-4.034095
0.194659	-4.043350
0.170849	-4.068443
0.145882	-4.069411
0.120910	-4.070225
0.095933	-4.070886
0.025797	-1.455784
0.016819	-1.451911
0.007885	-1.446983
-0.000987	-1.442000
-0.009733	-1.427963
-0.018455	-1.424873
-0.026982	-1.413730
-0.035605	-1.411535
-0.044201	-1.409287
-0.052810	-1.407986
-0.061095	-1.399639
-0.069682	-1.399234
-0.078267	-1.398776
-0.087035	-1.401259
-0.095906	-1.404685
-0.104971	-1.410049
-0.113864	-1.412365
-0.122962	-1.416617
-0.131745	-1.416827
-0.140535	-1.416983
-0.149332	-1.417084
-0.158136	-1.417131
-0.166828	-1.416130
-0.175514	-1.415076
-0.184323	-1.414960
-0.193002	-1.413798
-0.201815	-1.413573
-0.656441	-4.395151
-0.002777	-0.019702
-0.002898	-0.019681
-0.003019	-0.019659
-0.003140	-0.019636
-0.003260	-0.019612
-0.003380	-0.019588
-0.003500	-0.019562
-0.003620	-0.019536
-0.003740	-0.019510
-0.003860	-0.019482
-0.003979	-0.019454
-0.004098	-0.019425
-0.004218	-0.019396
-0.004336	-0.019366
-0.004455	-0.019334
-0.004574	-0.019303
-0.004692	-0.019270
-0.004810	-0.019237
-0.004928	-0.019203
-0.005046	-0.019168
-0.005163	-0.019133
-0.005281	-0.019097
-0.863467	-2.716888
-1.718403	-4.881131
-1.724663	-4.804610
-1.749986	-4.782664
-1.779299	-4.771833
-1.808545	-4.760821
-1.934100	-4.998629
-0.172169	-0.376199
-0.171935	-0.369694
-0.174201	-0.368628
-0.176459	-0.367548
-0.178711	-0.366455
-0.180956	-0.365347
-0.184546	-0.366904
-0.187250	-0.366651
-0.191343	-0.369039
-0.193603	-0.367854
-0.196329	-0.367537
-0.199059	-0.367199
-0.200825	-0.365091
-0.203061	-0.363848
-0.206771	-0.365200
-0.209008	-0.363920
-0.211237	-0.362627
-1.247824	2.266850
-1.238662	2.283258
-1.219912	2.282003
-1.205887	2.289450
-1.217623	2.346510
-1.246008	2.437630
-1.223829	2.430946
-1.208890	2.438414
-1.193906	2.445791
-1.178876	2.453076
-1.163802	2.460268
-1.475124	3.168057
-1.467326	3.202507
-1.450937	3.218747
-1.431160	3.227594
-1.413329	3.240903
-1.408005	3.283521
1.853858	1.410851
1.862480	1.399455
1.871031	1.388006
1.988151	1.276546
1.995946	1.264328
2.003667	1.252062
2.011312	1.239750
2.036823	1.238303
3.223203	0.519586
3.089958	0.478673
3.049315	0.453238
3.045109	0.433538
3.047712	0.414850
3.057141	0.397049
3.061505	0.378534
3.074695	0.361030
3.078840	0.342383
3.091823	0.324639
3.100723	0.306356
3.125446	0.289451
3.131148	0.270618
3.142718	0.252205
3.146201	0.233070
3.161539	0.214715
3.183757	0.196612
3.185902	0.177134
3.191923	0.157834
3.203821	0.138727
3.224598	0.119814
3.240266	0.100496
3.241821	0.080642
3.248254	0.060867
3.248566	0.040940
3.259756	0.021082
3.286824	0.001094
2.765014	-0.066936
2.764551	-0.083896
2.763984	-0.100852
2.777301	-0.118401
2.780517	-0.135630
2.791615	-0.153342
2.814577	-0.171926
2.830431	-0.190329
2.844169	-0.208786
2.871743	-0.228530
2.870287	-0.246141
2.868723	-0.263743
0.784060	-0.076880
0.780590	-0.081373
0.776100	-0.085717
0.775560	-0.090472
0.773005	-0.094980
0.762490	-0.098435
0.749981	-0.101495
0.747363	-0.105810
0.745711	-0.110242
0.730196	-0.112523
0.729492	-0.116996
0.724815	-0.120807
0.723075	-0.125076
0.713435	-0.127916
0.707721	-0.131372
0.703956	-0.135141
0.700171	-0.138868
0.690489	-0.141350
0.686673	-0.144959
0.684794	-0.148951
0.672158	-0.150520
0.671221	-0.154636
0.670260	-0.158747
0.669273	-0.162852
0.666321	-0.166465
0.662382	-0.169799
0.645854	-0.169783
0.635146	-0.171132
0.628300	-0.173423
0.626262	-0.176998
0.618441	-0.178884
0.612538	-0.181250
0.611414	-0.185000
0.602625	-0.186377
0.599564	-0.189462
0.597438	-0.192825
0.588647	-0.193975
0.586498	-0.197259
0.583385	-0.200199
0.582146	-0.203770
0.579001	-0.206660
0.569266	-0.207122
0.567047	-0.210258
0.562005	-0.212313
0.556026	-0.213955
0.554703	-0.217357
0.551502	-0.220010
0.542731	-0.220371
0.538596	-0.222545
0.537221	-0.225840
0.532148	-0.227552
0.530742	-0.230808
0.528401	-0.233651
0.524222	-0.235652
0.521857	-0.238443
0.517664	-0.240370
0.510755	-0.240973
0.508365	-0.243665
0.506860	-0.246774
0.503544	-0.248987
0.495754	-0.248922
0.494217	-0.251954
0.492662	-0.254977
0.487548	-0.256127
0.485967	-0.259109
0.481731	-0.260651
0.476618	-0.261669
0.475003	-0.264584
0.472501	-0.266996
0.468252	-0.268391
0.458819	-0.266725
0.457174	-0.269530
0.455511	-0.272325
0.453832	-0.275110
0.451284	-0.277360
0.448725	-0.279589
0.446156	-0.281798
0.443577	-0.283985
0.440988	-0.286151
0.438389	-0.288296
0.436611	-0.290976
0.434818	-0.293644
0.425585	-0.291213
0.422148	-0.292672
0.417890	-0.293525
0.414453	-0.294918
0.412636	-0.297450
0.410803	-0.299971
0.407348	-0.301291
0.404692	-0.303179
0.403620	-0.306257
0.401733	-0.308722
0.399831	-0.311176
0.395560	-0.311759
0.392078	-0.312926
0.389374	-0.314692
0.385889	-0.315802
0.382405	-0.316881
0.381219	-0.319860
0.379249	-0.322188
0.377265	-0.324504
0.374514	-0.326150
0.369508	-0.325788
0.363030	-0.324043
0.360294	-0.325589
0.356816	-0.326436
0.354073	-0.327934
0.352054	-0.330096
0.350022	-0.332244
0.347977	-0.334381
0.345919	-0.336505
0.343848	-0.338616
0.340349	-0.339300
0.338260	-0.341377
0.337557	-0.344872
0.335434	-0.346932
0.331920	-0.347530
0.326354	-0.345914
0.324226	-0.347905
0.322085	-0.349883
0.319932	-0.351848
0.318435	-0.354544
0.316253	-0.356486
0.314060	-0.358415
0.311855	-0.360330
0.309638	-0.362232
0.307410	-0.364120
0.304530	-0.365225
0.302284	-0.367082
0.300655	-0.369701
0.298381	-0.371534
0.295476	-0.372568
0.293800	-0.375158
0.290882	-0.376156
0.287962	-0.377133
0.285042	-0.378089
0.282717	-0.379825
0.280381	-0.381548
0.278035	-0.383256
0.279745	-0.390647
0.279071	-0.394803
0.293204	-0.420309
0.349485	-0.507833
0.394603	-0.581159
0.431606	-0.644248
0.457936	-0.692786
0.455859	-0.698930
0.451561	-0.701709
0.447247	-0.704461
0.439206	-0.701252
0.434895	-0.703928
0.430567	-0.706578
0.423138	-0.704057
0.416264	-0.702331
0.241150	-0.412037
0.236124	-0.409170
0.233609	-0.410606
0.233525	-0.416391
0.398385	-0.721751
0.393949	-0.724177
0.390441	-0.728339
0.385032	-0.728947
0.378709	-0.727741
0.361030	-0.704227
0.354453	-0.701959
0.349250	-0.702324
0.344935	-0.704448
0.340606	-0.706547
0.336264	-0.708618
0.331910	-0.710663
0.327126	-0.711772
0.322753	-0.713761
0.318367	-0.715723
0.313970	-0.717658
0.310743	-0.722322
0.307860	-0.727896
0.303388	-0.729766
0.298150	-0.729757
0.292923	-0.729711
0.287342	-0.728697
0.282866	-0.730442
0.277670	-0.730288
0.273184	-0.731973
0.270402	-0.738327
0.265867	-0.739968
0.259996	-0.737806
0.256766	-0.743164
0.252201	-0.744721
0.246371	-0.742452
0.241811	-0.743944
0.239963	-0.753988
0.235035	-0.754486
0.230401	-0.755909
0.226044	-0.758262
0.222502	-0.763471
0.217813	-0.764817
0.213651	-0.768061
0.209195	-0.770318
0.205230	-0.774482
0.200474	-0.775722
0.196197	-0.778872
0.192364	-0.783942
0.187550	-0.785103
0.182729	-0.786234
0.177902	-0.787335
0.173708	-0.791338
0.169056	-0.793362
0.164185	-0.794379
0.159699	-0.797328
0.154804	-0.798288
0.149902	-0.799217
0.146060	-0.806022
0.141111	-0.806898
0.136158	-0.807744
0.131199	-0.808559
0.126388	-0.810332
0.122296	-0.817022
0.117281	-0.817752
0.112261	-0.818451
0.107237	-0.819119
0.102700	-0.823726
0.097644	-0.824336
0.096785	-0.862682
0.163655	-2.028477
0.151205	-2.029438
0.138750	-2.030323
0.128448	-2.066064
0.225604	-4.041757
0.019480	-1.479885
0.010238	-1.454972
0.001307	-1.446002
-0.007461	-1.427978
-0.016187	-1.424901
-0.024912	-1.423770
-0.033623	-1.422585
-0.042321	-1.421348
-0.050895	-1.417059
-0.058993	-1.402728
-0.067501	-1.400337
-0.076092	-1.399891
-0.084680	-1.399393
-0.093265	-1.398842
-0.102506	-1.407214
-0.111138	-1.406553
-0.120023	-1.408829
-0.129215	-1.414036
-0.138572	-1.420178
-0.147284	-1.419296
-0.156649	-1.424324
-0.165385	-1.423331
-0.173383	-1.416329
-0.182070	-1.415233
-0.191556	-1.420030
-0.200967	-1.423774
-0.209992	-1.424487
-0.002588	-0.019709
-0.002709	-0.019688
-0.002830	-0.019666
-0.002951	-0.019643
-0.003071	-0.019619
-0.003191	-0.019595
-0.003311	-0.019570
-0.003431	-0.019544
-0.003551	-0.019518
-0.003671	-0.019491
-0.003790	-0.019463
-0.003910	-0.019434
-0.004029	-0.019405
-0.004148	-0.019374
-0.004267	-0.019344
-0.004385	-0.019312
-0.004504	-0.019280
-0.004622	-0.019247
-0.004740	-0.019213
-0.004858	-0.019178
-0.004975	-0.019143
-0.005092	-0.019107
-0.005210	-0.019071
-0.836586	-2.591040
-0.168123	-0.369181
-0.169120	-0.365417
-0.171359	-0.364368
-0.173591	-0.363304
-0.177132	-0.364924
-0.179368	-0.363825
-0.181597	-0.362712
-0.183364	-0.360696
-0.186034	-0.360446
-0.191036	-0.364603
-0.192328	-0.361655
-0.195496	-0.362221
-0.198197	-0.361886
-0.202363	-0.364151
-0.205086	-0.363767
-0.207314	-0.362497
-0.209031	-0.360349
-0.211238	-0.359055
